#INFO: **** input file is /data/home/wangrx/test_embed_sim_dmrg/examples/dmet_dmrgscf_nevpt2_with_2_step_soc_df/testdmrgsoc2.py ****
import numpy as np
from pyscf import gto, scf
from embed_sim_dmrg import ssdmet
from embed_sim_dmrg.dmrg_plugin import dmrgscf_mixer , dmrgsoc_2step

title = 'CoSH4'

def get_mol(dihedral):
     mol = gto.M(atom = '''
                Co             
                S                  1            2.30186590
                S                  1            2.30186590    2            109.47122060
                S                  1            2.30186590    3            109.47122065    2            -120.00000001                  0
                S                  1            2.30186590    4            109.47122060    3            120.00000001                   0
                H                  2            1.30714645    1            109.47121982    4            '''+str(-60-dihedral)+'''      0
                H                  4            1.30714645    1            109.47121982    3            '''+str(60+dihedral)+'''       0
                H                  5            1.30714645    1            109.47121982    4            '''+str(-180+dihedral)+'''     0
                H                  3            1.30714645    1            109.47121982    4            '''+str(60-dihedral)+'''       0
     ''',
     basis={'default':'def2tzvp','s':'6-31G*','H':'6-31G*'}, symmetry=0 ,spin = 3,charge = -2,verbose= 4)

     return mol

mol = get_mol(0)

mf = scf.rohf.ROHF(mol).x2c().density_fit()

chk_fname = title + '_rohf.chk'

mf.chkfile = chk_fname
mf.init_guess = 'chk'
mf.level_shift = .1
mf.max_cycle = 1000
mf.max_memory = 100000
mf.kernel()

mydmet = ssdmet.SSDMET(mf, title=title, imp_idx='Co.*').density_fit()
# if impurity is not assigned, the orbitals on the first atom is chosen as impurity
mydmet.build()

ncas, nelec, es_mo = mydmet.avas('Co 3d', minao='def2tzvp', threshold=0.5)

settings={"quicktest":False,"ptmpsdim":None,"threads":32,"memory":64,"maxM":1500,"tol":1E-10,"scratch":"/tmp","extrakeyword":None,"maxiter":None,"two_dot_to_one_dot":None,"scheduleSweeps":None,"scheduleMaxMs":None,"scheduleTols":None,"scheduleNoises":None}

es_cas = dmrgscf_mixer.dmrgscf_mixer(mf,mydmet.es_mf, ncas, nelec,settings=settings)
import h5py

es_cas.kernel(es_mo)

mydmet2 = ssdmet.SSDMET(mf, title=title, imp_idx='Co.*')
mydmet2.build()
#es_mf need to be defined on a ssdmet without density fit for eri generation 

soc_settings={"memory":64,"threads":32,"scratch":"/tmp","reordering":True,"thres_of_itgs":1e-10,"bond_dim_init":250,"n_roots_for_soc":16,"bond_dims_schedule": [500, 500, 500, 500, 500, 1000, 1000, 1000, 1000, 1000, 1500, 1500, 1500, 1500, 1500],"noise_schedule": [1e-4, 1e-4, 1e-4, 1e-4, 1e-4, 1e-5, 1e-5, 1e-5, 1e-5, 1e-5, 1e-6, 1e-6, 1e-6, 1e-6, 1e-6, 0],"thrd_schedule": [1e-5, 1e-5, 1e-5, 1e-5, 1e-5, 1e-5, 1e-5, 1e-5, 1e-5, 1e-5, 1e-7, 1e-7, 1e-7, 1e-7, 1e-7, 1e-8],"dav_max_iter":400,"n_sweeps":20}
soc2=dmrgsoc_2step.DMRGSOC_2STEP(title,mf,es_cas,dmrgsoc_settings=soc_settings,dmet_settings=True,es_orb=mydmet.es_orb,es_mf=mydmet2.es_mf)
soc2.kernel()

es_ecorr = dmrgscf_mixer.dmrgscf_nevpt2(mf,es_cas,settings)
soc22=dmrgsoc_2step.DMRGSOC_2STEP(title,mf,es_cas,dmrgsoc_settings=soc_settings,dmet_settings=True,es_orb=mydmet.es_orb,es_mf=mydmet2.es_mf,ecorr=es_ecorr)
soc22.kernel()#INFO: ******************** input file end ********************


System: uname_result(system='Linux', node='amd-cpu', release='6.8.0-60-generic', version='#63~22.04.1-Ubuntu SMP PREEMPT_DYNAMIC Tue Apr 22 19:00:15 UTC 2', machine='x86_64')  Threads 32
Python 3.12.2 | packaged by conda-forge | (main, Feb 16 2024, 20:50:58) [GCC 12.3.0]
numpy 2.2.3  scipy 1.15.2  h5py 3.13.0
Date: Tue Jun 17 00:09:00 2025
PySCF version 2.8.0
PySCF path  /data/home/wangrx/miniconda3/lib/python3.12/site-packages/pyscf

[CONFIG] conf_file None
[INPUT] verbose = 4
[INPUT] num. atoms = 9
[INPUT] num. electrons = 97
[INPUT] charge = -2
[INPUT] spin (= nelec alpha-beta = 2S) = 3
[INPUT] symmetry 0 subgroup None
[INPUT] Mole.unit = angstrom
[INPUT] Symbol           X                Y                Z      unit          X                Y                Z       unit  Magmom
[INPUT]  1 Co     0.000000000000   0.000000000000   0.000000000000 AA    0.000000000000   0.000000000000   0.000000000000 Bohr   0.0
[INPUT]  2 S      2.301865900000   0.000000000000   0.000000000000 AA    4.349896126475   0.000000000000   0.000000000000 Bohr   0.0
[INPUT]  3 S     -0.767288632027   0.000000000000   2.170219983491 AA   -1.449965373023   0.000000000000   4.101121398857 Bohr   0.0
[INPUT]  4 S     -0.767288634002   1.879465636735  -1.085109991681 AA   -1.449965376756   3.551675313960  -2.050560699307 Bohr   0.0
[INPUT]  5 S     -0.767288634021  -1.879465636673  -1.085109991774 AA   -1.449965376792  -3.551675313844  -2.050560699483 Bohr   0.0
[INPUT]  6 H      2.737581365814  -0.000000000187  -1.232389497926 AA    5.173279025102  -0.000000000353  -2.328878629870 Bohr   0.0
[INPUT]  7 H     -0.331573141714   2.946746233413  -0.468915233929 AA   -0.626582428101   5.568543339745  -0.886121367762 Bohr   0.0
[INPUT]  8 H     -0.331573141920  -2.946746233387  -0.468915233951 AA   -0.626582428489  -5.568543339694  -0.886121367803 Bohr   0.0
[INPUT]  9 H     -2.074435082027  -0.000000000215   2.170219965696 AA   -3.920114168221  -0.000000000406   4.101121365229 Bohr   0.0

nuclear repulsion = 683.055032921424
number of shells = 55
number of NR pGTOs = 312
number of NR cGTOs = 125
basis = {'default': 'def2tzvp', 's': '6-31G*', 'H': '6-31G*'}
ecp = {}
CPU time:         6.19


******** <class 'pyscf.df.df_jk.DFsfX2C1eROHF'> ********
method = DFsfX2C1eROHF
initial guess = chk
damping factor = 0
level_shift factor = 0.1
DIIS = <class 'pyscf.scf.diis.CDIIS'>
diis_start_cycle = 1
diis_space = 8
diis_damp = 0
SCF conv_tol = 1e-09
SCF conv_tol_grad = None
SCF max_cycles = 1000
direct_scf = False
chkfile to save SCF result = CoSH4_rohf.chk
max_memory 100000 MB (current use 102 MB)
num. doubly occ = 47  num. singly occ = 3


******** <class 'pyscf.x2c.sfx2c1e.SpinFreeX2CHelper'> ********
approx = 1e
xuncontract = 1
Set gradient conv threshold to 3.16228e-05
******** <class 'pyscf.df.df.DF'> ********
auxbasis = None
max_memory = 4000
Default auxbasis def2-tzvp-jkfit is used for Co def2tzvp
Default auxbasis cc-pvdz-jkfit is used for H 6-31G*
Default auxbasis def2-tzvp-jkfit is used for S def2tzvp
Default auxbasis cc-pvdz-jkfit is used for s 6-31G*
init E= -2986.2966410914
  HOMO = 0.226024703485797  LUMO = 0.507741740633825
cycle= 1 E= -2986.2966410914  delta_E= -4.55e-13  |g|= 2.25e-06  |ddm|= 5.81e-06
  HOMO = 0.17602425465438  LUMO = 0.40774172714735
Extra cycle  E= -2986.2966410914  delta_E= 3.64e-12  |g|= 3.46e-06  |ddm|= 7.91e-06
converged SCF energy = -2986.2966410914

******** <class 'embed_sim.df.DFSSDMET'> ********
DMET from ROHF
number of impurity orbitals 45
number of bath orbitals 47
number of frozen occupied orbitals 3
number of frozen virtual orbitals 30
energy from frozen occupied orbitals 391.23313090631297

******** AVAS flags ********
aolabels = Co 3d
ncore = 3
nunocc = 30
minao = def2tzvp
threshold = 0.5
with_iao = False
openshell_option = 2
canonicalize = False

** AVAS **
  Total number of HF MOs  is equal to    125
  Number of occupied HF MOs is equal to  50
reference AO indices for def2tzvp Co 3d:
 [18 19 20 21 22]
Option 2: threshold 0.5
Active from occupied = 5 , eig [0.70719697 0.72082421 0.74006814 0.74341934 0.74341935]
Inactive from occupied = 42
Active from unoccupied = 0 , eig []
Inactive from unoccupied = 45
Dimensions of active 5
# of alpha electrons 5
# of beta electrons 2
statelis is None
generate statelis [ 0 40  0 10]
Attempting SA-CASSCF with

******** <class 'pyscf.mcscf.addons.StateAverageDFCASSCF'> ********
CAS (5e+2e, 5o), ncore = 42, nvir = 45
max_cycle_macro = 50
max_cycle_micro = 4
conv_tol = 1e-07
conv_tol_grad = None
orbital rotation max_stepsize = 0.02
orbital rotation threshold for CI restart = 0.01
augmented hessian ah_max_cycle = 30
augmented hessian ah_conv_tol = 1e-12
augmented hessian ah_linear dependence = 1e-14
augmented hessian ah_level shift = 1e-08
augmented hessian ah_start_tol = 2.5
augmented hessian ah_start_cycle = 3
augmented hessian ah_grad_trust_region = 3
kf_trust_region = 3
kf_interval = 4
ci_response_space = 4
ci_grad_trust_region = 3
with_dep4 0
natorb = False
canonicalization = True
sorting_mo_energy = False
ao2mo_level = 2
chkfile = /tmp/tmpxw12ztnb
max_memory 100000 MB (current use 319 MB)
internal_rotation = False

******** Block flags ********
executable             = /data/home/wangrx/miniconda3/bin/block2main
BLOCKEXE_COMPRESS_NEVPT= /data/home/wangrx/miniconda3/bin/block2main
Block version          = 2.0
mpiprefix              = 
scratchDirectory       = /tmp/1
integralFile           = /tmp/1/FCIDUMP
configFile             = /tmp/1/dmrg.conf
outputFile             = /tmp/1/dmrg.out
maxIter                = 38
scheduleSweeps         = [0, 4, 8, 12, 14, 16, 18, 20, 22, 24, 26]
scheduleMaxMs          = [200, 400, 800, 1500, 1500, 1500, 1500, 1500, 1500, 1500, 1500]
scheduleTols           = [0.0001, 0.0001, 0.0001, 0.0001, 1e-05, 1.0000000000000002e-06, 1.0000000000000002e-07, 1.0000000000000002e-08, 1.0000000000000003e-09, 1.0000000000000003e-10, 1.0000000000000001e-11]
scheduleNoises         = [0.0001, 0.0001, 0.0001, 0.0001, 1e-05, 1.0000000000000002e-06, 1.0000000000000002e-07, 1.0000000000000002e-08, 1.0000000000000003e-09, 1.0000000000000003e-10, 0.0]
twodot_to_onedot       = 30
tol                    = 1e-10
maxM                   = 1500
dmrg switch tol        = 0.001
wfnsym                 = 1
fullrestart            = False
num_thrds              = 32
memory                 = 64

State-average over 50 states with weights [0.02 0.02 0.02 0.02 0.02 0.02 0.02 0.02 0.02 0.02 0.02 0.02 0.02 0.02
 0.02 0.02 0.02 0.02 0.02 0.02 0.02 0.02 0.02 0.02 0.02 0.02 0.02 0.02
 0.02 0.02 0.02 0.02 0.02 0.02 0.02 0.02 0.02 0.02 0.02 0.02 0.02 0.02
 0.02 0.02 0.02 0.02 0.02 0.02 0.02 0.02]
DFCASCI/DFCASSCF: density fitting for JK matrix and 2e integral transformation
CASCI E = -3377.36560297650  S^2 = 1.3500000
Set conv_tol_grad to 0.000316228
macro iter   1 ( 21 JK    4 micro), CASSCF E = -3377.39141572399  dE = -2.58127475e-02  S^2 = 1.3500000
               |grad[o]|=0.198  |ddm|=1.38e-11  |maxRot[o]|=0.0656
macro iter   2 ( 23 JK    4 micro), CASSCF E = -3377.39330402308  dE = -1.88829910e-03  S^2 = 1.3500000
               |grad[o]|=0.117  |ddm|=1.52e-15  |maxRot[o]|=0.0192
macro iter   3 ( 29 JK    4 micro), CASSCF E = -3377.39337847529  dE = -7.44522067e-05  S^2 = 1.3500000
               |grad[o]|=0.0237  |ddm|=3.78e-15  |maxRot[o]|=0.00534
macro iter   4 ( 33 JK    4 micro), CASSCF E = -3377.39337980004  dE = -1.32475179e-06  S^2 = 1.3500000
               |grad[o]|=0.0042  |ddm|=5.37e-15  |maxRot[o]|=0.000434
macro iter   5 ( 12 JK    1 micro), CASSCF E = -3377.39337980823  dE = -8.18999979e-09  S^2 = 1.3500000
               |grad[o]|=0.000296  |ddm|=5.56e-15  |maxRot[o]|=1.82e-05
1-step CASSCF converged in   5 macro (118 JK  17 micro) steps
CASSCF canonicalization
Density matrix diagonal elements [1.4 1.4 1.4 1.4 1.4]
CASSCF energy = -3377.39337980823
CASCI E = -3377.39337980823  E(CI) = -19.6510670750963  S^2 = 1.3500000
CASCI state-averaged energy = -3377.39337980823
CASCI energy for each state
  State 0 weight 0.02  E = -3377.43706838206 S^2 = 0.7500000
  State 1 weight 0.02  E = -3377.43701170084 S^2 = 0.7500000
  State 2 weight 0.02  E = -3377.43687021986 S^2 = 0.7500000
  State 3 weight 0.02  E = -3377.43560108911 S^2 = 0.7500000
  State 4 weight 0.02  E = -3377.43560089368 S^2 = 0.7500000
  State 5 weight 0.02  E = -3377.43326962918 S^2 = 0.7500000
  State 6 weight 0.02  E = -3377.42956664163 S^2 = 0.7500000
  State 7 weight 0.02  E = -3377.42693102802 S^2 = 0.7500000
  State 8 weight 0.02  E = -3377.42693095312 S^2 = 0.7500000
  State 9 weight 0.02  E = -3377.4140765869 S^2 = 0.7500000
  State 10 weight 0.02  E = -3377.41407651407 S^2 = 0.7500000
  State 11 weight 0.02  E = -3377.41166930369 S^2 = 0.7500000
  State 12 weight 0.02  E = -3377.40654660417 S^2 = 0.7500000
  State 13 weight 0.02  E = -3377.40533882913 S^2 = 0.7500000
  State 14 weight 0.02  E = -3377.40533855823 S^2 = 0.7500000
  State 15 weight 0.02  E = -3377.40355776429 S^2 = 0.7500000
  State 16 weight 0.02  E = -3377.40284909223 S^2 = 0.7500000
  State 17 weight 0.02  E = -3377.40091833202 S^2 = 0.7500000
  State 18 weight 0.02  E = -3377.40091832371 S^2 = 0.7500000
  State 19 weight 0.02  E = -3377.39827449072 S^2 = 0.7500000
  State 20 weight 0.02  E = -3377.39651416548 S^2 = 0.7500000
  State 21 weight 0.02  E = -3377.39651407765 S^2 = 0.7500000
  State 22 weight 0.02  E = -3377.39445868947 S^2 = 0.7500000
  State 23 weight 0.02  E = -3377.38774304673 S^2 = 0.7500000
  State 24 weight 0.02  E = -3377.38774287522 S^2 = 0.7500000
  State 25 weight 0.02  E = -3377.38613069289 S^2 = 0.7500000
  State 26 weight 0.02  E = -3377.38135538815 S^2 = 0.7500000
  State 27 weight 0.02  E = -3377.37717236972 S^2 = 0.7500000
  State 28 weight 0.02  E = -3377.32843199765 S^2 = 0.7500000
  State 29 weight 0.02  E = -3377.32524334443 S^2 = 0.7500000
  State 30 weight 0.02  E = -3377.32524328771 S^2 = 0.7500000
  State 31 weight 0.02  E = -3377.32451935173 S^2 = 0.7500000
  State 32 weight 0.02  E = -3377.32185296678 S^2 = 0.7500000
  State 33 weight 0.02  E = -3377.32185289465 S^2 = 0.7500000
  State 34 weight 0.02  E = -3377.31969552901 S^2 = 0.7500000
  State 35 weight 0.02  E = -3377.22580593571 S^2 = 0.7500000
  State 36 weight 0.02  E = -3377.22152483524 S^2 = 0.7500000
  State 37 weight 0.02  E = -3377.21601084952 S^2 = 0.7500000
  State 38 weight 0.02  E = -3377.21150783661 S^2 = 0.7500000
  State 39 weight 0.02  E = -3377.21150751406 S^2 = 0.7500000
  State 40 weight 0.02  E = -3377.52462037588 S^2 = 3.7500000
  State 41 weight 0.02  E = -3377.51610794918 S^2 = 3.7500000
  State 42 weight 0.02  E = -3377.50942968505 S^2 = 3.7500000
  State 43 weight 0.02  E = -3377.50942934541 S^2 = 3.7500000
  State 44 weight 0.02  E = -3377.49975146182 S^2 = 3.7500000
  State 45 weight 0.02  E = -3377.49975119772 S^2 = 3.7500000
  State 46 weight 0.02  E = -3377.4994111005 S^2 = 3.7500000
  State 47 weight 0.02  E = -3377.43169763181 S^2 = 3.7500000
  State 48 weight 0.02  E = -3377.43169757573 S^2 = 3.7500000
  State 49 weight 0.02  E = -3377.42385150331 S^2 = 3.7500000

******** <class 'embed_sim_dmrg.ssdmet.SSDMET'> ********
MPI INIT: rank 0 of 1
DMET from ROHF
number of impurity orbitals 45
number of bath orbitals 47
number of frozen occupied orbitals 3
number of frozen virtual orbitals 30
energy from frozen occupied orbitals 391.23313090631297
ecorr= [array([0., 0., 0., 0., 0., 0., 0., 0., 0., 0., 0., 0., 0., 0., 0., 0., 0.,
       0., 0., 0., 0., 0., 0., 0., 0., 0., 0., 0., 0., 0., 0., 0., 0., 0.,
       0., 0., 0., 0., 0., 0.]), array([0., 0., 0., 0., 0., 0., 0., 0., 0., 0.])]
idx=
[2 4 3 0 1]
split mps =  0
split mps =  1
split mps =  2
split mps =  3
split mps =  4
split mps =  5
split mps =  6
split mps =  7
split mps =  8
split mps =  9
split mps =  10
split mps =  11
split mps =  12
split mps =  13
split mps =  14
split mps =  15
split mps =  16
split mps =  17
split mps =  18
split mps =  19
split mps =  20
split mps =  21
split mps =  22
split mps =  23
split mps =  24
split mps =  25
split mps =  26
split mps =  27
split mps =  28
split mps =  29
split mps =  30
split mps =  31
split mps =  32
split mps =  33
split mps =  34
split mps =  35
split mps =  36
split mps =  37
split mps =  38
split mps =  39
split mps =  0
split mps =  1
split mps =  2
split mps =  3
split mps =  4
split mps =  5
split mps =  6
split mps =  7
split mps =  8
split mps =  9
compute pdm =  0 0
dm=
[[ 2.51190740e-02  5.02429453e-05  4.50698690e-05  3.62147933e-05
   9.36012240e-05]
 [ 5.02429453e-05  2.62947400e-01  2.02923235e-05 -1.10533484e-05
   7.82714891e-06]
 [ 4.50698690e-05  2.02923235e-05 -4.81328003e-01  1.01204356e-04
   2.27572685e-04]
 [ 3.62147933e-05 -1.10533484e-05  1.01204356e-04  9.62615913e-01
   3.09006697e-04]
 [ 9.36012240e-05  7.82714891e-06  2.27572685e-04  3.09006697e-04
   9.62696425e-01]]
compute pdm =  1 0
dm=
[[ 2.36238394e-05 -3.85586033e-06  2.66921855e-01  1.62935857e-05
   2.53034343e-05]
 [-5.04093497e-07  2.52586996e-05  1.05988434e-04  1.41986851e-05
  -2.96446542e-05]
 [ 1.07743711e-01 -1.22271741e-04  1.92175610e-04 -5.43949909e-05
   1.13441388e-04]
 [-2.23719224e-05  1.63088318e-05 -5.49765345e-05 -6.31987950e-01
   3.27365784e-01]
 [ 7.22285127e-05  7.84245940e-06  1.03583424e-04  3.27370496e-01
   6.31746892e-01]]
compute pdm =  1 1
dm=
[[ 2.11031339e-01 -3.96259591e-06 -4.82729113e-05  1.85664889e-05
  -2.34353240e-05]
 [-3.96259591e-06  4.52405710e-01 -1.06346560e-05  3.88003147e-05
   4.32053127e-05]
 [-4.82729113e-05 -1.06346560e-05  1.06546871e+00  9.44163840e-05
  -2.34648144e-04]
 [ 1.85664889e-05  3.88003147e-05  9.44163840e-05  1.73131420e-03
  -8.17479113e-05]
 [-2.34353240e-05  4.32053127e-05 -2.34648144e-04 -8.17479113e-05
   1.41373802e-03]]
compute pdm =  2 0
dm=
[[-2.54640735e-05 -1.92994673e-01 -1.73174656e-06 -8.53159889e-05
   1.41561116e-05]
 [-1.40839619e-01 -2.09802589e-05  9.62066853e-05  4.66796435e-05
   2.84198587e-05]
 [-2.06156009e-06 -7.60264787e-05 -2.79079928e-04 -1.36501996e-04
  -7.46441497e-05]
 [-4.95666322e-05 -2.64411203e-05 -1.40796871e-04 -3.41966606e-01
  -6.60351615e-01]
 [ 1.10912404e-04  4.27306154e-05 -7.31176781e-05 -6.60365314e-01
   3.42292131e-01]]
compute pdm =  2 1
dm=
[[-1.09852429e-07  2.39128773e-05  3.98834132e-06  3.29334080e-07
   2.40488807e-05]
 [ 1.76131053e-05 -2.79502347e-06  7.27377104e-01  1.74271311e-05
  -1.35196143e-04]
 [ 5.85297201e-05 -6.26797139e-01  2.92879479e-06 -2.74025048e-05
  -1.69555001e-05]
 [ 7.01344090e-06  1.07142241e-05  7.21484061e-06 -6.31974095e-05
  -3.50648510e-03]
 [ 5.10146071e-05  1.09654778e-04 -6.21423898e-05  3.78662860e-03
   6.31734906e-05]]
compute pdm =  2 2
dm=
[[ 2.19370320e-01 -5.91887708e-05 -2.81829040e-06 -6.08568219e-05
  -1.62845980e-05]
 [-5.91887708e-05  3.63514434e-01 -1.59917291e-05  4.99861508e-05
   8.92341616e-05]
 [-2.81829040e-06 -1.59917291e-05  1.14916592e+00  1.57824514e-04
  -2.67610054e-04]
 [-6.08568219e-05  4.99861508e-05  1.57824514e-04 -1.18639288e-04
  -2.21740743e-04]
 [-1.62845980e-05  8.92341616e-05 -2.67610054e-04 -2.21740743e-04
   1.18776690e-04]]
compute pdm =  3 0
dm=
[[ 4.56496048e-05  3.02254150e-05 -4.57115382e-05 -3.30461481e-02
  -6.39822651e-02]
 [ 3.25607873e-05 -1.07754685e-06  1.50407944e-05  2.29619657e-01
  -3.39629589e-04]
 [ 4.16653827e-05 -3.53806645e-05 -1.20389837e-04 -5.94419120e-04
  -4.08567003e-01]
 [ 2.27753692e-01 -2.94400324e-01 -5.60015321e-04  5.55842155e-05
   1.49811868e-04]
 [ 4.40811604e-01  3.11194776e-04 -3.62767737e-01  1.48739760e-04
   2.02335638e-05]]
compute pdm =  3 1
dm=
[[ 2.79272052e-05 -5.66801370e-06 -6.69850116e-05  3.81200815e-05
   2.95414964e-02]
 [-1.03162455e-05 -1.37479908e-05 -1.61812287e-04  3.37945538e-01
  -1.74590273e-01]
 [-3.85275483e-05  1.32653797e-04 -2.00623556e-04 -2.94772883e-01
  -5.70555327e-01]
 [ 2.40616867e-04  1.95299384e-01 -2.74387944e-01  3.30008973e-05
  -2.20851974e-05]
 [ 2.31900421e-01 -1.00853662e-01 -5.31088950e-01 -2.77688003e-05
   1.53443444e-04]]
compute pdm =  3 2
dm=
[[-1.98472172e-07  2.73523389e-05 -7.08481010e-05 -1.07417052e-01
   1.09391105e-04]
 [ 4.61428911e-05 -3.03610063e-05  4.11536717e-05  1.87238376e-01
   3.62391454e-01]
 [-7.59426135e-05  3.75805354e-05 -2.35678241e-04  5.13295641e-01
  -2.65239895e-01]
 [-2.30472868e-01  1.15529996e-01  5.46824958e-01  2.05846191e-04
  -5.84510664e-05]
 [ 3.42766391e-04  2.23766048e-01 -2.82550649e-01 -7.19062691e-05
   6.03915282e-05]]
compute pdm =  3 3
dm=
[[ 2.43703326e-01 -2.13156661e-02 -2.22167460e-01  8.65766766e-05
   1.09280331e-06]
 [-2.13156661e-02  2.31262508e-01  1.64056393e-06 -7.09458915e-05
  -1.23348655e-04]
 [-2.22167460e-01  1.64056393e-06  6.05435896e-03 -1.27576635e-04
   1.11528713e-04]
 [ 8.65766766e-05 -7.09458915e-05 -1.27576635e-04  1.28862629e+00
  -2.48401277e-02]
 [ 1.09280331e-06 -1.23348655e-04  1.11528713e-04 -2.48401277e-02
  -3.75956787e-02]]
compute pdm =  4 0
dm=
[[ 3.07076145e-06  3.42228886e-05 -5.30235744e-05  6.39871775e-02
  -3.30638279e-02]
 [-6.43633824e-06  4.25358369e-06 -2.86156277e-05 -1.74191212e-04
  -2.29590203e-01]
 [-6.30474519e-06  5.64989000e-05 -6.13485843e-05 -4.08520582e-01
   3.46470281e-04]
 [-4.40751931e-01  3.92666622e-04 -3.62723074e-01  1.67165139e-04
   5.62500010e-05]
 [ 2.27665454e-01  2.94430511e-01  3.01496949e-04  2.17031599e-05
  -1.13140900e-04]]
compute pdm =  4 1
dm=
[[ 5.20251845e-06  2.33832191e-05  7.21115755e-06  2.95198361e-02
  -4.03612338e-05]
 [ 3.40115894e-05 -1.94838375e-05  4.10254688e-05  1.74593003e-01
   3.38013815e-01]
 [ 2.40839669e-05  5.34362727e-05 -1.71827548e-04  5.70662985e-01
  -2.94775830e-01]
 [ 2.32007988e-01  1.00868607e-01  5.31172924e-01 -8.02025681e-05
  -6.88264502e-05]
 [-3.05392874e-04  1.95229446e-01 -2.74381043e-01 -6.29031405e-05
   2.66311435e-04]]
compute pdm =  4 2
dm=
[[ 3.55302079e-05  1.23050229e-05  6.45207018e-05  1.42861675e-04
   1.07389087e-01]
 [ 1.59931070e-05  3.45351432e-06  1.27978466e-04 -3.62392155e-01
   1.87166733e-01]
 [ 8.09400230e-05 -9.41401300e-05  1.92791039e-04  2.65102396e-01
   5.13310103e-01]
 [ 2.00031219e-04 -2.23773616e-01  2.82424004e-01 -5.21846915e-05
  -2.10185041e-04]
 [ 2.30540737e-01  1.15643279e-01  5.46808873e-01 -2.01634220e-04
  -1.79590069e-04]]
compute pdm =  4 3
dm=
[[-3.17323265e-07  4.13979698e-02 -1.14443807e-01 -4.57542759e-05
  -2.47141053e-05]
 [ 4.13961958e-02  1.70462930e-06  1.92714940e-01  5.57957280e-06
  -4.42156551e-05]
 [-1.14437459e-01 -1.92728410e-01 -3.54061347e-08 -1.13728600e-04
  -5.09096419e-05]
 [-3.19845633e-05 -8.75061232e-06 -1.06856514e-04  2.18251843e-02
  -6.34531704e-01]
 [-3.75683509e-05  2.20385449e-05 -7.23764033e-05 -6.25460864e-01
  -2.18265362e-02]]
compute pdm =  4 4
dm=
[[ 2.43704670e-01  2.13200467e-02  2.22156301e-01 -6.05242703e-05
   6.13945002e-05]
 [ 2.13200467e-02  2.31272300e-01  1.18887564e-05 -2.82433012e-06
  -3.83550940e-05]
 [ 2.22156301e-01  1.18887564e-05  6.05438269e-03 -1.72052486e-04
   2.50235260e-04]
 [-6.05242703e-05 -2.82433012e-06 -1.72052486e-04 -3.75989344e-02
   2.48428339e-02]
 [ 6.13945002e-05 -3.83550940e-05  2.50235260e-04  2.48428339e-02
   1.28861839e+00]]
compute pdm =  5 0
dm=
[[ 6.69204553e-07  8.82908278e-02  4.75183160e-07 -3.61593417e-05
   7.19211071e-06]
 [ 9.03589437e-02  8.79999792e-05  5.41303969e-05 -1.08184177e-05
   7.53049916e-06]
 [ 1.31913750e-06  1.18492378e-04 -9.93714249e-05 -5.05302434e-05
   2.64439789e-05]
 [-9.87204196e-06 -3.42367807e-05 -5.51437894e-05 -1.67353915e-01
  -3.23034237e-01]
 [ 4.18528027e-05  2.09476312e-06  4.89622004e-06 -3.23056137e-01
   1.67364617e-01]]
compute pdm =  5 1
dm=
[[ 2.57391194e-06 -9.94528461e-06 -5.65248981e-06  1.24532712e-06
   1.65061383e-05]
 [-1.31359401e-05 -2.42006434e-05  3.83093129e-01 -3.42028833e-05
  -6.58118375e-05]
 [-1.31965896e-05  8.66755454e-01  2.16531071e-05  2.47574958e-05
   2.40314299e-05]
 [-1.67994856e-05  9.42521018e-06  1.43209216e-05  2.18668110e-05
  -1.74511680e-02]
 [-8.66045319e-05 -1.70781625e-04  4.41867447e-05  1.75515517e-02
  -2.18931867e-05]]
compute pdm =  5 2
dm=
[[-4.59729946e-02  2.33480304e-05 -3.44362774e-06 -1.72471570e-05
   3.38190005e-06]
 [ 2.22572884e-05 -5.16188585e-01 -1.94672477e-05 -3.62662191e-06
   5.08968349e-06]
 [-4.72641599e-06 -2.15795453e-05  5.62161558e-01 -7.20236420e-06
  -1.13914191e-04]
 [ 1.36020131e-04 -3.41221203e-05  9.17267398e-06 -3.49838606e-05
  -5.58908240e-05]
 [-1.89391707e-05 -6.11756078e-05 -1.20967469e-04 -5.57350175e-05
   3.50056169e-05]]
compute pdm =  5 3
dm=
[[ 2.41921036e-05 -4.50979146e-05 -1.01389153e-05 -9.16451453e-02
   1.11552164e-04]
 [-1.49590784e-05  1.01184785e-04  1.53797931e-07  2.37065089e-02
   4.59145517e-02]
 [ 2.73800697e-05 -7.36843626e-05 -1.23587583e-04  2.35291585e-01
  -1.21546846e-01]
 [ 8.04400619e-01 -2.00638252e-01  2.81048711e-01 -6.22105168e-05
  -9.92472768e-05]
 [-9.28785019e-04 -3.88390437e-01 -1.45207288e-01 -1.27084827e-05
   6.04212106e-05]]
compute pdm =  5 4
dm=
[[-6.43171804e-05 -7.28603465e-06  4.21050043e-05  9.96292264e-05
   9.16352904e-02]
 [-1.62806568e-05  9.75420334e-06 -3.74982068e-05 -4.59153564e-02
   2.37149073e-02]
 [-1.12941160e-04 -1.22349057e-04  9.32929762e-05  1.21541297e-01
   2.35278747e-01]
 [-9.47589337e-04  3.88409830e-01  1.45202489e-01 -9.47229658e-06
  -4.28018323e-05]
 [-8.04399173e-01 -2.00682684e-01  2.81068420e-01 -2.93743899e-05
  -2.92577026e-05]]
compute pdm =  5 5
dm=
[[ 7.24061340e-01  6.55919386e-06 -1.82996045e-05 -2.62923940e-05
  -6.01705429e-05]
 [ 6.55919386e-06  7.32985106e-01  5.95565482e-06  2.34294787e-05
   7.48288495e-06]
 [-1.82996045e-05  5.95565482e-06  2.75004341e-01 -1.12158604e-05
  -6.18757457e-05]
 [-2.62923940e-05  2.34294787e-05 -1.12158604e-05  1.77978809e-05
  -1.37724851e-05]
 [-6.01705429e-05  7.48288495e-06 -6.18757457e-05 -1.37724851e-05
  -1.77767759e-05]]
compute pdm =  6 0
dm=
[[ 8.29783230e-08 -1.60449806e-05  1.48154094e-05  3.11548216e-05
  -2.92756220e-05]
 [-2.62012303e-05  2.06648461e-05 -1.84555955e-01  1.70453639e-05
   3.39214379e-05]
 [ 5.54490982e-05 -5.85829085e-01 -2.11928923e-05  4.54638167e-05
   2.24011434e-05]
 [-3.85147731e-05  3.69138416e-05 -6.31925500e-05 -9.07313049e-05
  -3.32191347e-01]
 [-4.64897524e-06  8.35439797e-05  2.37672319e-05  3.32129198e-01
   9.11763728e-05]]
compute pdm =  6 1
dm=
[[ 6.90178810e-06 -1.20837814e-01 -1.49406716e-06 -3.00891966e-05
   6.37548931e-05]
 [-2.13062587e-01 -9.03873363e-06  3.37464739e-05 -1.71722781e-05
   3.62273684e-05]
 [-9.00702192e-07  8.85375037e-05  3.12638690e-06 -7.42504355e-05
   9.56592173e-06]
 [-4.33033588e-05 -5.03048957e-05 -7.08167760e-05 -2.10315094e-01
  -4.05890784e-01]
 [ 3.14880857e-05  2.76841374e-05  2.47085868e-05 -4.05967089e-01
   2.10314104e-01]]
compute pdm =  6 2
dm=
[[-1.42804528e-07  1.18104813e-07 -6.70000734e-02  4.67396690e-05
  -4.83107970e-05]
 [ 3.38513776e-06 -6.60049189e-06 -3.46332663e-05 -1.53196044e-05
  -1.93895203e-05]
 [-2.63605044e-01 -1.07880770e-04  1.42525790e-05 -1.80901291e-06
  -4.32791587e-05]
 [ 5.18786370e-06 -1.86153706e-05 -1.81950839e-05  3.57401333e-01
  -1.85230797e-01]
 [ 3.87770900e-06 -7.65835698e-05 -5.39951056e-05 -1.85117477e-01
  -3.57408843e-01]]
compute pdm =  6 3
dm=
[[-2.11147926e-05 -5.93076099e-05 -7.56587608e-07  3.38889417e-01
  -1.75070231e-01]
 [-1.22246922e-05 -1.62536256e-05 -6.28437805e-06 -8.18533641e-05
  -7.44613163e-02]
 [ 4.94058811e-05 -6.10169945e-05  5.78660572e-06  1.15949564e-01
  -1.40989369e-04]
 [ 7.28334915e-02 -5.06877148e-04  3.27434259e-02 -9.01577579e-05
   2.51395165e-05]
 [-3.76081907e-02 -4.32598182e-01 -5.52123026e-05 -3.91760932e-05
   1.21739570e-04]]
compute pdm =  6 4
dm=
[[ 4.53877666e-05  1.78197169e-05  6.86805350e-05  1.75076562e-01
   3.38899024e-01]
 [ 2.50700410e-05  1.27598316e-05 -1.55572576e-05 -7.44598772e-02
   9.83747775e-05]
 [ 1.20398913e-05 -5.47377710e-05 -2.79532327e-05 -1.33303811e-04
  -1.15949927e-01]
 [ 3.76262326e-02 -4.32590898e-01 -4.47995854e-05 -9.98118216e-06
   4.39832213e-05]
 [ 7.27982581e-02  5.01862698e-04 -3.27298260e-02  7.20656193e-05
  -2.02131833e-05]]
compute pdm =  6 5
dm=
[[ 1.66731280e-05 -2.35436375e-06  1.36531149e-01 -4.83235688e-06
   2.73650789e-05]
 [-2.74421773e-06  2.06769252e-05  5.23742601e-06  1.87570313e-05
   1.72122409e-05]
 [ 1.72061414e-01 -1.37231946e-06 -2.80601329e-06  1.70373289e-05
   8.02241862e-05]
 [ 1.78145781e-05  2.71824371e-05  2.92788277e-05 -5.07535094e-01
   2.62939375e-01]
 [ 2.31520543e-05  2.50238637e-05  8.72742291e-05  2.62936044e-01
   5.07500550e-01]]
compute pdm =  6 6
dm=
[[ 1.46089487e-02  9.57100779e-06  5.93733839e-06  4.26895611e-06
   9.55310002e-05]
 [ 9.57100779e-06 -4.45726094e-01 -2.21707223e-05 -2.73954317e-05
   3.89801511e-05]
 [ 5.93733839e-06 -2.21707223e-05  3.80263595e-01  2.28036248e-05
   8.95478347e-05]
 [ 4.26895611e-06 -2.73954317e-05  2.28036248e-05  8.91437443e-01
   1.23669420e-05]
 [ 9.55310002e-05  3.89801511e-05  8.95478347e-05  1.23669420e-05
   8.91466914e-01]]
compute pdm =  7 0
dm=
[[ 2.43579597e-05  1.56553844e-05  3.14892904e-05 -1.91361424e-02
   8.96939235e-02]
 [ 1.97967896e-05  1.18341476e-05 -7.56592648e-06 -1.05811011e-01
   8.69614027e-02]
 [-8.88612549e-06 -3.01046382e-05 -4.66540195e-05 -2.18355454e-01
  -2.65788031e-01]
 [-3.50526659e-02  4.64977200e-03  8.90773735e-02  1.71824764e-05
   2.75620938e-06]
 [ 1.64347951e-01 -3.80947645e-03  1.08430594e-01  3.92905687e-05
  -6.72056413e-06]]
compute pdm =  7 1
dm=
[[-5.83453308e-05 -2.15610428e-05 -5.44462850e-05 -1.76894119e-01
  -2.15368205e-01]
 [ 2.64460426e-07 -1.54994339e-05  5.06407507e-05  3.29893663e-01
   7.01599803e-02]
 [-7.25731725e-05  4.57649292e-05 -9.03400268e-06  1.58490677e-02
  -7.43356360e-02]
 [-2.89290401e-01 -1.97286282e-02  1.23443459e-02 -3.83320813e-06
   1.25456791e-05]
 [-3.52231963e-01 -4.21394224e-03 -5.80652209e-02  2.18708905e-06
   8.67119755e-05]]
compute pdm =  7 2
dm=
[[-2.87148065e-05 -2.96535336e-05  8.58917473e-06  2.03708135e-01
  -1.67298799e-01]
 [-1.82349957e-05 -3.60344643e-05 -1.77656525e-05 -1.83896965e-03
   8.57456151e-03]
 [-4.37825925e-05 -5.72957626e-05  7.94808456e-05  4.33404394e-01
   9.21608230e-02]
 [ 3.46352594e-01  2.15139232e-02 -6.42590265e-02 -3.73834368e-05
  -3.20420552e-05]
 [-2.84454473e-01 -1.01028569e-01 -1.36478104e-02 -1.12167660e-04
   2.26518620e-05]]
compute pdm =  7 3
dm=
[[ 8.77877945e-02 -3.53864810e-02  1.94662777e-01 -5.14482855e-05
  -2.99493854e-05]
 [-1.10431818e-02 -1.25014283e-01 -1.83601366e-01  8.44209557e-06
   2.50866086e-05]
 [-1.21859746e-01 -2.34335859e-01  2.50885070e-01 -1.04224044e-04
  -4.86218780e-05]
 [-4.45868230e-05  2.70708545e-06 -1.88294201e-05 -1.12224043e-01
   4.24260936e-03]
 [ 4.35154408e-05  3.86930030e-05 -8.45143473e-05 -8.23751455e-02
  -1.01434538e-01]]
compute pdm =  7 4
dm=
[[ 7.19349470e-02 -1.65384879e-01 -4.16580626e-02 -2.84253761e-06
   3.88796085e-05]
 [-5.16475961e-02 -1.02466028e-01  2.24062272e-01 -5.04308295e-05
  -3.36777113e-05]
 [ 2.60623750e-02  2.85971605e-01  2.05599238e-01 -5.74317871e-05
  -5.98190208e-05]
 [-5.85020028e-06 -2.45962972e-06 -6.01065534e-05 -1.69958430e-01
  -2.05821705e-01]
 [ 3.62387146e-05 -4.17994553e-05 -2.72442773e-05 -1.00108328e-01
  -5.10972595e-03]]
compute pdm =  7 5
dm=
[[ 1.27462350e-05 -5.45862682e-05 -2.87458680e-05  3.35966365e-02
  -2.75834878e-02]
 [-2.23482222e-05 -3.39686568e-06 -4.09992336e-05  5.28508231e-02
  -2.48420629e-01]
 [ 4.77584612e-06 -8.71949227e-05 -8.30031445e-05 -2.32346981e-01
  -4.94355181e-02]
 [-7.92282266e-02  1.17787984e-01 -6.84960130e-01  2.53851532e-05
   1.20619013e-04]
 [ 6.50834743e-02 -5.53589563e-01 -1.45721766e-01  3.31029444e-05
   4.82686219e-05]]
compute pdm =  7 6
dm=
[[-5.87713138e-07 -1.76553814e-05 -3.59622259e-05 -1.71797550e-01
  -3.65485358e-02]
 [-4.83213607e-06 -3.33989738e-06 -2.22321165e-05 -2.43222915e-02
  -2.96253175e-02]
 [ 2.20801360e-05 -3.51682864e-05 -2.61496423e-05 -7.53360691e-02
   6.18689556e-02]
 [ 1.41509535e-01 -1.55708639e-01  3.20272113e-01 -1.89305525e-05
  -5.81491674e-05]
 [ 3.01051890e-02 -1.89582611e-01 -2.63077342e-01  3.56004567e-05
   4.90078053e-05]]
compute pdm =  7 7
dm=
[[-1.84607647e-01 -1.30705060e-01  9.68143180e-02  8.18028978e-07
   8.72749598e-05]
 [-1.30705060e-01 -1.33153295e-01 -1.54168041e-05 -1.53835403e-05
   2.07705649e-05]
 [ 9.68143180e-02 -1.54168041e-05  5.43754108e-01 -3.36606257e-07
   9.77706641e-06]
 [ 8.18028978e-07 -1.53835403e-05 -3.36606257e-07  8.10608290e-01
   3.31606012e-03]
 [ 8.72749598e-05  2.07705649e-05  9.77706641e-06  3.31606012e-03
   6.95449352e-01]]
compute pdm =  8 0
dm=
[[ 1.37271735e-05  6.55931367e-06  3.33153311e-06  8.96969287e-02
   1.90260607e-02]
 [-1.04239179e-05 -1.55489410e-05 -2.41173216e-05 -8.69440303e-02
  -1.05895110e-01]
 [-4.64063564e-06 -1.90581506e-05  1.22783120e-05  2.65738315e-01
  -2.18214073e-01]
 [ 1.64335358e-01  3.85047995e-03 -1.08441818e-01 -2.56713948e-05
   7.22334826e-06]
 [ 3.48698052e-02  4.66708712e-03  8.90473298e-02 -5.65280748e-05
   1.52148503e-05]]
compute pdm =  8 1
dm=
[[-5.32594911e-05 -1.20251308e-05 -3.66795377e-06  2.15349372e-01
  -1.76877442e-01]
 [-4.91543213e-05  6.10194139e-06 -2.89384438e-05  7.01942224e-02
  -3.29873815e-01]
 [-5.34300880e-05  4.00125512e-05 -3.39831399e-05 -7.44018167e-02
  -1.57953144e-02]
 [ 3.52194762e-01 -4.17825663e-03 -5.80421468e-02  1.44761087e-05
  -4.06943424e-05]
 [-2.89296981e-01  1.97192995e-02 -1.23478199e-02 -7.10037351e-06
   6.66645809e-05]]
compute pdm =  8 2
dm=
[[ 7.17345656e-05  2.71977657e-05  5.86295050e-05  1.67337144e-01
   2.03709120e-01]
 [ 1.29761840e-05 -2.01497521e-05  3.96586369e-05  8.54905980e-03
   1.81607843e-03]
 [ 1.99916791e-05  3.40976396e-05 -2.08931220e-05  9.22510631e-02
  -4.33480974e-01]
 [ 2.84514227e-01 -1.01023620e-01 -1.37061829e-02 -1.02401015e-05
   9.47532038e-06]
 [ 3.46363955e-01 -2.14738536e-02  6.42799932e-02  1.70094724e-06
  -2.04515901e-05]]
compute pdm =  8 3
dm=
[[ 7.19272810e-02  1.65392932e-01  4.16469725e-02 -1.00626698e-05
  -7.31240185e-05]
 [ 5.16542763e-02 -1.02451749e-01  2.24056282e-01 -5.88586379e-06
  -4.83162904e-05]
 [-2.60794961e-02  2.85968888e-01  2.05592243e-01  1.14722290e-05
   1.60070392e-05]
 [-2.47714425e-05 -9.80260313e-06  2.06403802e-05 -5.11450694e-03
   1.00100497e-01]
 [-8.87938691e-05 -7.86735535e-05 -6.24173705e-05  2.05817049e-01
  -1.69953269e-01]]
compute pdm =  8 4
dm=
[[-8.77854839e-02 -3.53938344e-02  1.94659713e-01 -2.15019940e-05
   4.90913929e-06]
 [-1.10518072e-02  1.25019619e-01  1.83613606e-01 -2.38199866e-05
  -9.31318115e-07]
 [-1.21857738e-01  2.34337051e-01 -2.50887750e-01  4.71748686e-05
   7.40045341e-05]
 [-3.56516971e-05 -1.32167799e-05  3.84573724e-06  1.01435039e-01
  -8.23802835e-02]
 [ 5.68587090e-05 -4.24797448e-05  6.08317699e-05  4.24516449e-03
   1.12218575e-01]]
compute pdm =  8 5
dm=
[[ 9.22784965e-06 -2.21301371e-05  7.26926495e-05  2.75937282e-02
   3.35918273e-02]
 [-1.15268246e-05  2.41238691e-05 -2.09309282e-06 -2.48423104e-01
  -5.28509491e-02]
 [ 1.36494211e-05 -4.57289854e-05  1.48358297e-04 -4.94320334e-02
   2.32337899e-01]
 [-6.50635569e-02 -5.53610270e-01 -1.45730318e-01 -2.04399880e-05
   4.18346628e-05]
 [-7.92219481e-02 -1.17785775e-01  6.84939061e-01 -1.57532788e-05
  -1.61270028e-04]]
compute pdm =  8 6
dm=
[[ 1.85742721e-06 -1.20379330e-05  6.60405326e-05 -3.65459936e-02
   1.71801465e-01]
 [-7.27243858e-06 -7.92587711e-06  4.91844597e-06  2.96086474e-02
  -2.43213352e-02]
 [-3.08428828e-05 -1.91908130e-05  4.90467972e-05 -6.18729366e-02
  -7.53276348e-02]
 [ 3.01015333e-02  1.89557806e-01  2.63069991e-01 -1.04843771e-05
  -5.36884453e-05]
 [-1.41500312e-01 -1.55720836e-01  3.20306027e-01  1.03539116e-05
  -3.24939702e-05]]
compute pdm =  8 7
dm=
[[-3.92393364e-06  1.04309848e-01  1.21315549e-01  5.76738691e-06
  -3.17228487e-05]
 [ 1.04303345e-01  5.67679824e-06 -1.26047949e-01 -1.09724699e-06
   1.91527284e-06]
 [ 1.21309014e-01  1.26056227e-01  1.94703066e-06  5.96923364e-06
  -3.13827605e-05]
 [-2.15620902e-05 -1.28326004e-05 -3.71871921e-05  4.43688101e-02
  -1.76672949e-01]
 [-3.04525151e-05 -4.41344267e-05  2.65400360e-06  7.78081198e-02
  -4.43725100e-02]]
compute pdm =  8 8
dm=
[[-1.84616696e-01  1.30700851e-01 -9.68081068e-02  1.06192570e-05
   1.15848761e-04]
 [ 1.30700851e-01 -1.33141987e-01 -1.85741727e-05 -3.02285318e-05
   8.51612015e-06]
 [-9.68081068e-02 -1.85741727e-05  5.43747388e-01  6.54825377e-06
   7.07051010e-05]
 [ 1.06192570e-05 -3.02285318e-05  6.54825377e-06  6.95477520e-01
  -3.30712632e-03]
 [ 1.15848761e-04  8.51612015e-06  7.07051010e-05 -3.30712632e-03
   8.10584584e-01]]
compute pdm =  9 0
dm=
[[ 3.15119895e-06  6.18569081e-05  1.45288330e-05  6.31606516e-03
  -3.35003105e-03]
 [ 3.60106029e-05  1.95414317e-06  4.34850388e-05 -6.42579340e-03
   3.25584672e-01]
 [ 7.22403311e-06  9.89749525e-05  1.80851972e-05  8.62512642e-02
   1.68536996e-03]
 [-1.99663229e-01 -1.22820927e-02  2.93794497e-01 -2.00940326e-05
  -1.34338483e-05]
 [ 1.08489770e-01  6.27773830e-01  5.99110551e-03  5.13817003e-06
  -3.09650675e-06]]
compute pdm =  9 1
dm=
[[ 1.88803353e-05  7.47630164e-05  4.03425544e-05  4.07219559e-01
   8.06761993e-03]
 [ 1.48429995e-05  2.98375359e-05  4.56764535e-05  4.90955414e-02
   9.02829377e-02]
 [ 1.22802378e-05  1.25205626e-04  4.63003324e-05  1.42797720e-01
  -7.76098632e-02]
 [ 7.14163600e-02  3.52981647e-01 -6.55501806e-01  1.42620869e-05
   9.05058102e-05]
 [ 1.38729589e-03  6.49361724e-01  3.56246830e-01 -6.26098699e-05
  -1.09280290e-04]]
compute pdm =  9 2
dm=
[[-2.18463730e-05  5.80178781e-05 -1.29048223e-04  7.33948994e-03
  -3.70233332e-01]
 [ 1.14751439e-05  3.14444641e-05 -4.81759239e-05 -9.69701533e-02
   5.27417652e-02]
 [ 3.06712442e-05 -3.37389810e-05 -9.67347639e-05  6.91767697e-02
   1.27269102e-01]
 [-1.81976622e-03 -6.71025547e-01 -3.61338961e-01 -1.33234677e-05
   1.66414434e-04]
 [ 9.08596364e-02  3.64810980e-01 -6.64911831e-01 -1.15228595e-06
   1.00460141e-04]]
compute pdm =  9 3
dm=
[[ 2.51235889e-03  1.88498889e-01  3.80602868e-02 -2.36811887e-06
   6.93375780e-05]
 [ 5.82236882e-02  6.93921587e-03 -1.79128245e-01  1.64167450e-05
   1.57728236e-06]
 [-3.80223523e-02 -3.12777113e-01 -1.95706363e-03 -4.36129791e-05
  -4.12286628e-06]
 [ 5.48981176e-05  1.36906701e-04  1.32955771e-04 -5.27098157e-03
   4.91609524e-01]
 [-1.86549732e-05 -3.05202967e-05  1.01651672e-04 -8.48761802e-02
  -2.22352956e-03]]
compute pdm =  9 4
dm=
[[ 1.19956779e-01  1.02154295e-01 -7.02120299e-02 -3.44794733e-05
  -2.70508400e-05]
 [ 3.15495760e-02  3.30158523e-01  3.76707332e-03  7.40091400e-06
  -1.66676339e-05]
 [ 7.01656216e-02  6.57078884e-03 -9.27589062e-02  4.94198221e-06
  -4.65422817e-05]
 [-1.88208586e-05 -2.52008282e-05  1.12612550e-04  2.16468193e-02
  -4.45521613e-05]
 [-4.79697358e-05 -8.56358227e-05 -7.78712681e-05  1.20423042e-02
  -3.79003216e-01]]
compute pdm =  9 5
dm=
[[ 3.28780488e-05  1.16255266e-05  5.13766056e-05 -5.40115321e-03
   2.72529147e-01]
 [ 6.66552345e-06 -4.54045029e-06  1.49430945e-05  7.57753890e-02
  -4.11712072e-02]
 [ 2.74521808e-05  3.85969061e-06  9.17584446e-06  1.84484463e-02
   3.39464099e-02]
 [-2.38063240e-03 -9.47946125e-02 -5.29745350e-03 -2.53168491e-06
  -3.47358213e-06]
 [ 1.20113727e-01  5.15146369e-02 -9.74274022e-03  7.55697026e-06
  -3.49817580e-05]]
compute pdm =  9 6
dm=
[[ 2.09138779e-05  1.47636054e-06 -2.27754025e-05  1.90223298e-02
   3.49921350e-02]
 [-2.74069170e-06  7.01800135e-06 -2.39729455e-05 -3.40159122e-01
  -6.73545335e-03]
 [ 3.57580366e-05  5.45444180e-06 -2.86635288e-05 -8.91779830e-04
   4.45692080e-02]
 [ 8.78406315e-02 -2.47347601e-02  4.56830004e-03 -1.96476538e-06
  -1.17731258e-05]
 [ 1.61632328e-01 -4.77548416e-04 -2.30889314e-01  3.79834854e-05
   2.69641498e-06]]
compute pdm =  9 7
dm=
[[ 2.69311033e-02  9.59330511e-02 -6.11464082e-02 -5.02437132e-05
   2.84816831e-05]
 [-1.00400147e-01 -1.89885660e-02  5.99622579e-02 -2.23250326e-05
   1.14965477e-05]
 [-3.19448918e-02  1.20759091e-01  1.32511624e-01 -9.64850844e-05
   2.68583755e-06]
 [-4.01242969e-05 -1.22433609e-05 -5.98301094e-05 -3.80901534e-01
  -3.55522825e-01]
 [ 2.42054809e-05 -2.19375389e-05 -7.54079296e-08 -4.52580049e-01
   2.40447373e-01]]
compute pdm =  9 8
dm=
[[-3.14971517e-02  1.84226782e-02  3.18275942e-01 -4.33697188e-05
  -7.63124817e-05]
 [-1.92930773e-02  2.21978027e-02  5.12878856e-02 -2.15939365e-05
  -1.17678552e-05]
 [ 1.66250062e-01  1.03265761e-01 -1.54962414e-01 -2.01352141e-05
  -4.91010943e-05]
 [-2.41139220e-05 -2.01786068e-05 -2.41843706e-05  4.53655783e-01
  -2.59538702e-01]
