#INFO: **** input file is /data/home/wangrx/test_embed_sim_dmrg/examples/df_nevpt2_with_compress/testdfnevpt2.py ****
import numpy as np
from pyscf import gto, scf
from embed_sim_dmrg import ssdmet
from embed_sim_dmrg.dmrg_plugin import dmrgscf_mixer , dmrgsoc_2step

title = 'CoSH4'

def get_mol(dihedral):
     mol = gto.M(atom = '''
                Co             
                S                  1            2.30186590
                S                  1            2.30186590    2            109.47122060
                S                  1            2.30186590    3            109.47122065    2            -120.00000001                  0
                S                  1            2.30186590    4            109.47122060    3            120.00000001                   0
                H                  2            1.30714645    1            109.47121982    4            '''+str(-60-dihedral)+'''      0
                H                  4            1.30714645    1            109.47121982    3            '''+str(60+dihedral)+'''       0
                H                  5            1.30714645    1            109.47121982    4            '''+str(-180+dihedral)+'''     0
                H                  3            1.30714645    1            109.47121982    4            '''+str(60-dihedral)+'''       0
     ''',
     basis={'default':'def2tzvp','s':'6-31G*','H':'6-31G*'}, symmetry=0 ,spin = 3,charge = -2,verbose= 4)

     return mol

mol = get_mol(0)

mf = scf.rohf.ROHF(mol).x2c().density_fit()

chk_fname = title + '_rohf.chk'

mf.chkfile = chk_fname
mf.init_guess = 'chk'
mf.level_shift = .1
mf.max_cycle = 1000
mf.max_memory = 100000
mf.kernel()

mydmet = ssdmet.SSDMET(mf, title=title, imp_idx='Co.*').density_fit()
# if impurity is not assigned, the orbitals on the first atom is chosen as impurity
mydmet.build()

ncas, nelec, es_mo = mydmet.avas('Co 3d', minao='def2tzvp', threshold=0.5)

settings={"quicktest":False,"ptmpsdim":500,"threads":32,"memory":64,"maxM":1500,"tol":1E-10,"scratch":"/tmp","extrakeyword":None,"maxiter":None,"two_dot_to_one_dot":None,"scheduleSweeps":None,"scheduleMaxMs":None,"scheduleTols":None,"scheduleNoises":None}

es_cas = dmrgscf_mixer.dmrgscf_mixer(mf,mydmet.es_mf, ncas, nelec,settings=settings)
import h5py

es_cas.kernel(es_mo)

mydmet2 = ssdmet.SSDMET(mf, title=title, imp_idx='Co.*')
mydmet2.build()
#es_mf need to be defined on a ssdmet without density fit for eri generation 

soc_settings={"memory":64,"threads":32,"scratch":"/tmp","reordering":True,"thres_of_itgs":1e-10,"bond_dim_init":250,"n_roots_for_soc":16,"bond_dims_schedule": [500, 500, 500, 500, 500, 1000, 1000, 1000, 1000, 1000, 1500, 1500, 1500, 1500, 1500],"noise_schedule": [1e-4, 1e-4, 1e-4, 1e-4, 1e-4, 1e-5, 1e-5, 1e-5, 1e-5, 1e-5, 1e-6, 1e-6, 1e-6, 1e-6, 1e-6, 0],"thrd_schedule": [1e-5, 1e-5, 1e-5, 1e-5, 1e-5, 1e-5, 1e-5, 1e-5, 1e-5, 1e-5, 1e-7, 1e-7, 1e-7, 1e-7, 1e-7, 1e-8],"dav_max_iter":400,"n_sweeps":20}
soc2=dmrgsoc_2step.DMRGSOC_2STEP(title,mf,es_cas,dmrgsoc_settings=soc_settings,dmet_settings=True,es_orb=mydmet.es_orb,es_mf=mydmet2.es_mf)
soc2.kernel()

es_ecorr = dmrgscf_mixer.dmrgscf_nevpt2(mf,es_cas,settings)
soc22=dmrgsoc_2step.DMRGSOC_2STEP(title,mf,es_cas,dmrgsoc_settings=soc_settings,dmet_settings=True,es_orb=mydmet.es_orb,es_mf=mydmet2.es_mf,ecorr=es_ecorr)
soc22.kernel()#INFO: ******************** input file end ********************


System: uname_result(system='Linux', node='amd-cpu', release='6.8.0-60-generic', version='#63~22.04.1-Ubuntu SMP PREEMPT_DYNAMIC Tue Apr 22 19:00:15 UTC 2', machine='x86_64')  Threads 32
Python 3.12.2 | packaged by conda-forge | (main, Feb 16 2024, 20:50:58) [GCC 12.3.0]
numpy 2.2.3  scipy 1.15.2  h5py 3.13.0
Date: Wed Jun 18 21:47:27 2025
PySCF version 2.8.0
PySCF path  /data/home/wangrx/miniconda3/lib/python3.12/site-packages/pyscf

[CONFIG] conf_file None
[INPUT] verbose = 4
[INPUT] num. atoms = 9
[INPUT] num. electrons = 97
[INPUT] charge = -2
[INPUT] spin (= nelec alpha-beta = 2S) = 3
[INPUT] symmetry 0 subgroup None
[INPUT] Mole.unit = angstrom
[INPUT] Symbol           X                Y                Z      unit          X                Y                Z       unit  Magmom
[INPUT]  1 Co     0.000000000000   0.000000000000   0.000000000000 AA    0.000000000000   0.000000000000   0.000000000000 Bohr   0.0
[INPUT]  2 S      2.301865900000   0.000000000000   0.000000000000 AA    4.349896126475   0.000000000000   0.000000000000 Bohr   0.0
[INPUT]  3 S     -0.767288632027   0.000000000000   2.170219983491 AA   -1.449965373023   0.000000000000   4.101121398857 Bohr   0.0
[INPUT]  4 S     -0.767288634002   1.879465636735  -1.085109991681 AA   -1.449965376756   3.551675313960  -2.050560699307 Bohr   0.0
[INPUT]  5 S     -0.767288634021  -1.879465636673  -1.085109991774 AA   -1.449965376792  -3.551675313844  -2.050560699483 Bohr   0.0
[INPUT]  6 H      2.737581365814  -0.000000000187  -1.232389497926 AA    5.173279025102  -0.000000000353  -2.328878629870 Bohr   0.0
[INPUT]  7 H     -0.331573141714   2.946746233413  -0.468915233929 AA   -0.626582428101   5.568543339745  -0.886121367762 Bohr   0.0
[INPUT]  8 H     -0.331573141920  -2.946746233387  -0.468915233951 AA   -0.626582428489  -5.568543339694  -0.886121367803 Bohr   0.0
[INPUT]  9 H     -2.074435082027  -0.000000000215   2.170219965696 AA   -3.920114168221  -0.000000000406   4.101121365229 Bohr   0.0

nuclear repulsion = 683.055032921424
number of shells = 55
number of NR pGTOs = 312
number of NR cGTOs = 125
basis = {'default': 'def2tzvp', 's': '6-31G*', 'H': '6-31G*'}
ecp = {}
CPU time:         5.80


******** <class 'pyscf.df.df_jk.DFsfX2C1eROHF'> ********
method = DFsfX2C1eROHF
initial guess = chk
damping factor = 0
level_shift factor = 0.1
DIIS = <class 'pyscf.scf.diis.CDIIS'>
diis_start_cycle = 1
diis_space = 8
diis_damp = 0
SCF conv_tol = 1e-09
SCF conv_tol_grad = None
SCF max_cycles = 1000
direct_scf = False
chkfile to save SCF result = CoSH4_rohf.chk
max_memory 100000 MB (current use 102 MB)
num. doubly occ = 47  num. singly occ = 3


******** <class 'pyscf.x2c.sfx2c1e.SpinFreeX2CHelper'> ********
approx = 1e
xuncontract = 1
Set gradient conv threshold to 3.16228e-05
******** <class 'pyscf.df.df.DF'> ********
auxbasis = None
max_memory = 4000
Default auxbasis def2-tzvp-jkfit is used for S def2tzvp
Default auxbasis def2-tzvp-jkfit is used for Co def2tzvp
Default auxbasis cc-pvdz-jkfit is used for H 6-31G*
Default auxbasis cc-pvdz-jkfit is used for s 6-31G*
init E= -2986.29664109138
  HOMO = 0.226024942759996  LUMO = 0.507741748342935
cycle= 1 E= -2986.29664109138  delta_E= 1.36e-12  |g|= 3.97e-06  |ddm|= 9.73e-06
  HOMO = 0.176023875663507  LUMO = 0.407741715520625
Extra cycle  E= -2986.29664109137  delta_E= 1.41e-11  |g|= 6.03e-06  |ddm|= 1.27e-05
converged SCF energy = -2986.29664109137

******** <class 'embed_sim.df.DFSSDMET'> ********
DMET from ROHF
number of impurity orbitals 45
number of bath orbitals 47
number of frozen occupied orbitals 3
number of frozen virtual orbitals 30
energy from frozen occupied orbitals 391.2321777974334

******** AVAS flags ********
aolabels = Co 3d
ncore = 3
nunocc = 30
minao = def2tzvp
threshold = 0.5
with_iao = False
openshell_option = 2
canonicalize = False

** AVAS **
  Total number of HF MOs  is equal to    125
  Number of occupied HF MOs is equal to  50
reference AO indices for def2tzvp Co 3d:
 [18 19 20 21 22]
Option 2: threshold 0.5
Active from occupied = 5 , eig [0.70719703 0.72082427 0.74006824 0.74341942 0.74341945]
Inactive from occupied = 42
Active from unoccupied = 0 , eig []
Inactive from unoccupied = 45
Dimensions of active 5
# of alpha electrons 5
# of beta electrons 2
statelis is None
generate statelis [ 0 40  0 10]
Attempting SA-CASSCF with

******** <class 'pyscf.mcscf.addons.StateAverageDFCASSCF'> ********
CAS (5e+2e, 5o), ncore = 42, nvir = 45
max_cycle_macro = 50
max_cycle_micro = 4
conv_tol = 1e-07
conv_tol_grad = None
orbital rotation max_stepsize = 0.02
orbital rotation threshold for CI restart = 0.01
augmented hessian ah_max_cycle = 30
augmented hessian ah_conv_tol = 1e-12
augmented hessian ah_linear dependence = 1e-14
augmented hessian ah_level shift = 1e-08
augmented hessian ah_start_tol = 2.5
augmented hessian ah_start_cycle = 3
augmented hessian ah_grad_trust_region = 3
kf_trust_region = 3
kf_interval = 4
ci_response_space = 4
ci_grad_trust_region = 3
with_dep4 0
natorb = False
canonicalization = True
sorting_mo_energy = False
ao2mo_level = 2
chkfile = /tmp/tmp2n3d7uis
max_memory 100000 MB (current use 316 MB)
internal_rotation = False

******** Block flags ********
executable             = /data/home/wangrx/miniconda3/bin/block2main
BLOCKEXE_COMPRESS_NEVPT= /data/home/wangrx/miniconda3/bin/block2main
Block version          = 2.0
mpiprefix              = 
scratchDirectory       = /tmp/1
integralFile           = /tmp/1/FCIDUMP
configFile             = /tmp/1/dmrg.conf
outputFile             = /tmp/1/dmrg.out
maxIter                = 38
scheduleSweeps         = [0, 4, 8, 12, 14, 16, 18, 20, 22, 24, 26]
scheduleMaxMs          = [200, 400, 800, 1500, 1500, 1500, 1500, 1500, 1500, 1500, 1500]
scheduleTols           = [0.0001, 0.0001, 0.0001, 0.0001, 1e-05, 1.0000000000000002e-06, 1.0000000000000002e-07, 1.0000000000000002e-08, 1.0000000000000003e-09, 1.0000000000000003e-10, 1.0000000000000001e-11]
scheduleNoises         = [0.0001, 0.0001, 0.0001, 0.0001, 1e-05, 1.0000000000000002e-06, 1.0000000000000002e-07, 1.0000000000000002e-08, 1.0000000000000003e-09, 1.0000000000000003e-10, 0.0]
twodot_to_onedot       = 30
tol                    = 1e-10
maxM                   = 1500
dmrg switch tol        = 0.001
wfnsym                 = 1
fullrestart            = False
num_thrds              = 32
memory                 = 64

State-average over 50 states with weights [0.02 0.02 0.02 0.02 0.02 0.02 0.02 0.02 0.02 0.02 0.02 0.02 0.02 0.02
 0.02 0.02 0.02 0.02 0.02 0.02 0.02 0.02 0.02 0.02 0.02 0.02 0.02 0.02
 0.02 0.02 0.02 0.02 0.02 0.02 0.02 0.02 0.02 0.02 0.02 0.02 0.02 0.02
 0.02 0.02 0.02 0.02 0.02 0.02 0.02 0.02]
DFCASCI/DFCASSCF: density fitting for JK matrix and 2e integral transformation
CASCI E = -3377.36464984776  S^2 = 1.3500000
Set conv_tol_grad to 0.000316228
macro iter   1 ( 21 JK    4 micro), CASSCF E = -3377.39035504541  dE = -2.57051977e-02  S^2 = 1.3500000
               |grad[o]|=0.198  |ddm|=6.88e-11  |maxRot[o]|=0.0674
macro iter   2 ( 23 JK    4 micro), CASSCF E = -3377.39231519693  dE = -1.96015152e-03  S^2 = 1.3500000
               |grad[o]|=0.0907  |ddm|=2.17e-15  |maxRot[o]|=0.0176
macro iter   3 ( 29 JK    4 micro), CASSCF E = -3377.39242359013  dE = -1.08393196e-04  S^2 = 1.3500000
               |grad[o]|=0.0279  |ddm|=2.95e-15  |maxRot[o]|=0.00558
macro iter   4 ( 33 JK    4 micro), CASSCF E = -3377.39242666127  dE = -3.07113623e-06  S^2 = 1.3500000
               |grad[o]|=0.00601  |ddm|=3.75e-15  |maxRot[o]|=0.000594
macro iter   5 (  8 JK    1 micro), CASSCF E = -3377.39242668777  dE = -2.64994924e-08  S^2 = 1.3500000
               |grad[o]|=0.000772  |ddm|=8.07e-15  |maxRot[o]|=3.22e-05
macro iter   6 ( 12 JK    1 micro), CASSCF E = -3377.39242669852  dE = -1.07552296e-08  S^2 = 1.3500000
               |grad[o]|=0.00024  |ddm|=2.04e-14  |maxRot[o]|=2.27e-05
1-step CASSCF converged in   6 macro (126 JK  18 micro) steps
CASSCF canonicalization
Density matrix diagonal elements [1.4 1.4 1.4 1.4 1.4]
CASSCF energy = -3377.39242669852
CASCI E = -3377.39242669852  E(CI) = -19.6511091955795  S^2 = 1.3500000
CASCI state-averaged energy = -3377.39242669852
CASCI energy for each state
  State 0 weight 0.02  E = -3377.43611496986 S^2 = 0.7500000
  State 1 weight 0.02  E = -3377.43605888966 S^2 = 0.7500000
  State 2 weight 0.02  E = -3377.43591742687 S^2 = 0.7500000
  State 3 weight 0.02  E = -3377.43464785792 S^2 = 0.7500000
  State 4 weight 0.02  E = -3377.43464764734 S^2 = 0.7500000
  State 5 weight 0.02  E = -3377.43231666064 S^2 = 0.7500000
  State 6 weight 0.02  E = -3377.42861360175 S^2 = 0.7500000
  State 7 weight 0.02  E = -3377.42597787535 S^2 = 0.7500000
  State 8 weight 0.02  E = -3377.42597778949 S^2 = 0.7500000
  State 9 weight 0.02  E = -3377.41312305045 S^2 = 0.7500000
  State 10 weight 0.02  E = -3377.4131230157 S^2 = 0.7500000
  State 11 weight 0.02  E = -3377.41071637213 S^2 = 0.7500000
  State 12 weight 0.02  E = -3377.40559394716 S^2 = 0.7500000
  State 13 weight 0.02  E = -3377.40438586479 S^2 = 0.7500000
  State 14 weight 0.02  E = -3377.40438574812 S^2 = 0.7500000
  State 15 weight 0.02  E = -3377.40260485487 S^2 = 0.7500000
  State 16 weight 0.02  E = -3377.40189564892 S^2 = 0.7500000
  State 17 weight 0.02  E = -3377.39996530165 S^2 = 0.7500000
  State 18 weight 0.02  E = -3377.39996526467 S^2 = 0.7500000
  State 19 weight 0.02  E = -3377.39732109212 S^2 = 0.7500000
  State 20 weight 0.02  E = -3377.39556123271 S^2 = 0.7500000
  State 21 weight 0.02  E = -3377.39556099679 S^2 = 0.7500000
  State 22 weight 0.02  E = -3377.39350553419 S^2 = 0.7500000
  State 23 weight 0.02  E = -3377.38678977936 S^2 = 0.7500000
  State 24 weight 0.02  E = -3377.38678975717 S^2 = 0.7500000
  State 25 weight 0.02  E = -3377.38517757843 S^2 = 0.7500000
  State 26 weight 0.02  E = -3377.38040250266 S^2 = 0.7500000
  State 27 weight 0.02  E = -3377.37621918494 S^2 = 0.7500000
  State 28 weight 0.02  E = -3377.32747874711 S^2 = 0.7500000
  State 29 weight 0.02  E = -3377.32429010292 S^2 = 0.7500000
  State 30 weight 0.02  E = -3377.32429007752 S^2 = 0.7500000
  State 31 weight 0.02  E = -3377.32356625638 S^2 = 0.7500000
  State 32 weight 0.02  E = -3377.32089988761 S^2 = 0.7500000
  State 33 weight 0.02  E = -3377.32089982594 S^2 = 0.7500000
  State 34 weight 0.02  E = -3377.31874236504 S^2 = 0.7500000
  State 35 weight 0.02  E = -3377.22485225438 S^2 = 0.7500000
  State 36 weight 0.02  E = -3377.22057198443 S^2 = 0.7500000
  State 37 weight 0.02  E = -3377.21505815084 S^2 = 0.7500000
  State 38 weight 0.02  E = -3377.21055483369 S^2 = 0.7500000
  State 39 weight 0.02  E = -3377.21055415178 S^2 = 0.7500000
  State 40 weight 0.02  E = -3377.52366741044 S^2 = 3.7500000
  State 41 weight 0.02  E = -3377.51515455958 S^2 = 3.7500000
  State 42 weight 0.02  E = -3377.50847690562 S^2 = 3.7500000
  State 43 weight 0.02  E = -3377.50847612166 S^2 = 3.7500000
  State 44 weight 0.02  E = -3377.49879836523 S^2 = 3.7500000
  State 45 weight 0.02  E = -3377.49879817648 S^2 = 3.7500000
  State 46 weight 0.02  E = -3377.4984579883 S^2 = 3.7500000
  State 47 weight 0.02  E = -3377.43074482433 S^2 = 3.7500000
  State 48 weight 0.02  E = -3377.43074437984 S^2 = 3.7500000
  State 49 weight 0.02  E = -3377.42289811116 S^2 = 3.7500000

******** <class 'embed_sim_dmrg.ssdmet.SSDMET'> ********
MPI INIT: rank 0 of 1
DMET from ROHF
number of impurity orbitals 45
number of bath orbitals 47
number of frozen occupied orbitals 3
number of frozen virtual orbitals 30
energy from frozen occupied orbitals 391.2321777974334
ecorr= [array([0., 0., 0., 0., 0., 0., 0., 0., 0., 0., 0., 0., 0., 0., 0., 0., 0.,
       0., 0., 0., 0., 0., 0., 0., 0., 0., 0., 0., 0., 0., 0., 0., 0., 0.,
       0., 0., 0., 0., 0., 0.]), array([0., 0., 0., 0., 0., 0., 0., 0., 0., 0.])]
idx=
[2 3 4 0 1]
split mps =  0
split mps =  1
split mps =  2
split mps =  3
split mps =  4
split mps =  5
split mps =  6
split mps =  7
split mps =  8
split mps =  9
split mps =  10
split mps =  11
split mps =  12
split mps =  13
split mps =  14
split mps =  15
split mps =  16
split mps =  17
split mps =  18
split mps =  19
split mps =  20
split mps =  21
split mps =  22
split mps =  23
split mps =  24
split mps =  25
split mps =  26
split mps =  27
split mps =  28
split mps =  29
split mps =  30
split mps =  31
split mps =  32
split mps =  33
split mps =  34
split mps =  35
split mps =  36
split mps =  37
split mps =  38
split mps =  39
split mps =  0
split mps =  1
split mps =  2
split mps =  3
split mps =  4
split mps =  5
split mps =  6
split mps =  7
split mps =  8
split mps =  9
compute pdm =  0 0
dm=
[[ 2.51190711e-02  2.34254196e-04 -3.37332962e-04 -5.28701086e-05
  -9.69642565e-05]
 [ 2.34254196e-04  2.62947270e-01 -8.00776063e-05  2.94688187e-05
   1.13116669e-05]
 [-3.37332962e-04 -8.00776063e-05 -4.81326212e-01 -2.68378612e-05
   1.80167330e-04]
 [-5.28701086e-05  2.94688187e-05 -2.68378612e-05  9.64098621e-01
  -8.01880217e-04]
 [-9.69642565e-05  1.13116669e-05  1.80167330e-04 -8.01880217e-04
   9.61212057e-01]]
compute pdm =  1 0
dm=
[[ 1.59708807e-04 -3.46615281e-05 -2.66920604e-01 -4.83270965e-05
   8.47431048e-05]
 [-1.59259457e-05  1.67623872e-04 -4.27797843e-04  3.10641361e-05
  -6.74051675e-06]
 [-1.07739747e-01  5.16829631e-04  1.37320693e-03 -2.09343612e-06
  -1.15188090e-04]
 [-3.25314023e-05  1.04544915e-05 -4.14952211e-06  6.97162117e-01
   1.38591158e-01]
 [ 6.59330139e-05  1.02968965e-05 -1.18816738e-04  1.38603512e-01
  -6.98862657e-01]]
compute pdm =  1 1
dm=
[[ 2.11023205e-01  6.57432865e-06  3.41533966e-04  1.91562838e-05
   3.73039700e-05]
 [ 6.57432865e-06  4.52400860e-01  2.84951512e-05 -1.71071743e-05
  -1.63696055e-05]
 [ 3.41533966e-04  2.84951512e-05  1.06548012e+00  2.13275836e-05
  -1.05617497e-04]
 [ 1.91562838e-05 -1.71071743e-05  2.13275836e-05  3.39749298e-04
  -2.52900223e-04]
 [ 3.73039700e-05 -1.63696055e-05 -1.05617497e-04 -2.52900223e-04
   2.80687015e-03]]
compute pdm =  2 0
dm=
[[-1.38138996e-04 -1.92990397e-01  3.30563641e-05 -6.25889861e-05
  -5.08671316e-05]
 [-1.40832291e-01 -6.06315536e-05 -6.42421908e-04 -1.24942645e-05
  -2.88310720e-05]
 [ 1.89742253e-05  5.55444678e-04 -1.16600664e-03  1.69950620e-04
  -1.27466387e-05]
 [ 3.01947097e-05 -3.78436438e-06  1.76816637e-04 -1.44156038e-01
   7.29498120e-01]
 [-1.68743027e-05  5.27607203e-05 -1.16871596e-05  7.29502513e-01
   1.45520815e-01]]
compute pdm =  2 1
dm=
[[ 7.56229610e-08  1.78489577e-04 -8.45872797e-05 -1.24774007e-06
   5.22444860e-06]
 [ 1.16222477e-04 -2.36691937e-05 -7.27390364e-01  3.01798200e-05
   9.00799628e-06]
 [-1.88610055e-04  6.26766777e-01  2.50474411e-05  8.13864916e-05
   4.43027797e-05]
 [ 4.23643335e-05  2.09125180e-05  1.28979132e-04  6.25865940e-04
  -4.19498465e-03]
 [-4.62868590e-06 -1.01196557e-04  5.67913649e-05  3.09981577e-03
  -6.27319810e-04]]
compute pdm =  2 2
dm=
[[ 2.19360059e-01 -2.35966711e-04  1.05515057e-05  2.24683340e-05
   9.22184410e-05]
 [-2.35966711e-04  3.63473967e-01  7.85489575e-05  9.68870810e-05
   3.74497293e-05]
 [ 1.05515057e-05  7.85489575e-05  1.14921579e+00 -7.67322936e-05
   8.50711878e-05]
 [ 2.24683340e-05  9.68870810e-05 -7.67322936e-05 -2.02924487e-04
   1.03463393e-03]
 [ 9.22184410e-05  3.74497293e-05  8.50711878e-05  1.03463393e-03
   2.03913086e-04]]
compute pdm =  3 0
dm=
[[-2.23108407e-05 -9.80770494e-06  3.86493165e-05  4.17403842e-02
  -5.86376606e-02]
 [-1.12868904e-05  4.96584116e-06  5.32287583e-06 -2.08891643e-01
   9.42842356e-02]
 [ 9.14880358e-05 -4.21499623e-05 -8.44777133e-05 -1.67869225e-01
  -3.71763754e-01]
 [-2.88282860e-01  2.68653935e-01 -1.49047284e-01 -3.90617341e-05
   1.55581535e-05]
 [ 4.03819443e-01 -1.21058964e-01 -3.29998537e-01  6.97987447e-05
   1.40884447e-04]]
compute pdm =  3 1
dm=
[[ 2.73989027e-05 -1.65313644e-05 -3.56150391e-05 -1.21818271e-02
  -2.68495559e-02]
 [-3.32018041e-05  2.85640909e-05 -2.62326845e-05  3.09875222e-01
   2.20841488e-01]
 [-5.48394681e-05  3.15827702e-05  1.22244356e-04 -3.72797801e-01
   5.23207101e-01]
 [-9.50593159e-02  1.78657445e-01 -3.47014897e-01 -1.88137385e-05
   1.53233067e-05]
 [-2.11810502e-01  1.27763071e-01  4.87003700e-01  2.08547870e-05
  -1.59393611e-04]]
compute pdm =  3 2
dm=
[[-3.61123549e-06 -3.77612776e-06  1.84607754e-05  9.78943523e-02
  -4.41649173e-02]
 [-7.01644151e-06 -5.51781384e-06 -1.54493524e-05 -2.37016840e-01
   3.32108571e-01]
 [ 4.39923259e-07  2.20075867e-05 -1.29431493e-05 -4.70500377e-01
  -3.35775552e-01]
 [ 2.09929074e-01 -1.46096132e-01 -5.01195052e-01  7.75180184e-05
   1.63811118e-04]
 [-9.44341441e-02  2.04935327e-01 -3.57628228e-01  1.60276033e-04
  -5.54458198e-05]]
compute pdm =  3 3
dm=
[[ 2.43702336e-01 -4.02335884e-02 -1.25864006e-01  2.18370826e-06
   3.48822051e-05]
 [-4.02335884e-02  2.31263722e-01 -2.76696406e-05  1.34658903e-05
  -5.38784504e-06]
 [-1.25864006e-01 -2.76696406e-05  6.07268756e-03 -1.18386328e-04
  -2.82145710e-05]
 [ 2.18370826e-06  1.34658903e-05 -1.18386328e-04  1.06298997e+00
  -4.57427260e-01]
 [ 3.48822051e-05 -5.38784504e-06 -2.82145710e-05 -4.57427260e-01
   1.88022095e-01]]
compute pdm =  4 0
dm=
[[ 4.59956629e-05 -3.91571869e-06  3.75085313e-06  5.86344636e-02
   4.18841075e-02]
 [-7.13934060e-05 -7.20615096e-06  1.43622405e-05  9.43462378e-02
   2.09763540e-01]
 [-2.79046265e-05 -4.64353083e-05  5.72902153e-05 -3.73172127e-01
   1.67885524e-01]
 [-4.04069362e-01 -1.20997383e-01 -3.31359540e-01 -5.25866309e-05
   1.53519323e-04]
 [-2.87814103e-01 -2.68133150e-01  1.49153816e-01  2.01407290e-04
  -4.34930964e-05]]
compute pdm =  4 1
dm=
[[-4.77592075e-08 -1.00912516e-05  5.52357725e-05 -2.69733976e-02
   1.21091550e-02]
 [-2.08152627e-05 -4.08346554e-06 -1.27878463e-04 -2.21018013e-01
   3.09507490e-01]
 [ 6.75422928e-05  1.03854393e-04 -5.89595366e-05 -5.22551518e-01
  -3.73106895e-01]
 [-2.11109499e-01 -1.27558829e-01 -4.86404575e-01 -2.00628877e-05
   8.91008671e-06]
 [ 9.55605700e-02  1.79137416e-01 -3.47261322e-01  3.61040758e-05
   8.31536491e-05]]
compute pdm =  4 2
dm=
[[ 3.19585763e-05  1.81572124e-05 -1.40275578e-05 -4.40736380e-02
  -9.78471398e-02]
 [ 2.76720659e-05 -1.42559079e-06  1.32800755e-06 -3.31978579e-01
  -2.36724584e-01]
 [-3.34584128e-05 -2.80287993e-05  1.02578988e-04  3.35251715e-01
  -4.70258788e-01]
 [-9.50002623e-02 -2.05110014e-01  3.57153157e-01  1.37219481e-05
  -1.25152553e-04]
 [-2.10355496e-01 -1.46481655e-01 -5.00974797e-01 -1.28439111e-04
  -1.46833922e-04]]
compute pdm =  4 3
dm=
[[ 4.49189778e-06 -2.34262727e-02  2.15890632e-01  1.09071945e-04
  -8.52804769e-05]
 [-2.34310945e-02 -1.47140299e-06 -1.92720950e-01 -8.77005046e-05
   5.30361487e-05]
 [ 2.15894443e-01  1.92725225e-01 -5.15594057e-06 -1.23092050e-04
   4.90078767e-06]
 [ 7.07931111e-05 -7.72702231e-05 -9.86757353e-05 -5.11515722e-01
  -4.23366005e-01]
 [-7.74066921e-05  1.76786553e-05  1.57410114e-05 -4.14318782e-01
   5.11517858e-01]]
compute pdm =  4 4
dm=
[[ 2.43713245e-01  4.02400866e-02  1.25858830e-01 -5.36274339e-05
  -1.53065403e-04]
 [ 4.02400866e-02  2.31270502e-01 -2.58325813e-05 -1.01278437e-04
  -2.37718733e-05]
 [ 1.25858830e-01 -2.58325813e-05  6.06401634e-03  1.87486714e-04
  -7.17427251e-05]
 [-5.36274339e-05 -1.01278437e-04  1.87486714e-04  1.88019513e-01
   4.57420760e-01]
 [-1.53065403e-04 -2.37718733e-05 -7.17427251e-05  4.57420760e-01
   1.06298353e+00]]
compute pdm =  5 0
dm=
[[ 2.35126423e-05  8.82999477e-02 -1.51465099e-06 -3.45922691e-05
  -2.51412915e-05]
 [ 9.03572891e-02  3.56647330e-04 -3.37698046e-04  1.09871025e-05
   3.27935120e-05]
 [-5.69661143e-06 -7.60248138e-04 -4.11055726e-04  3.47978004e-05
   6.61162959e-06]
 [-5.44313762e-06  1.26491273e-05  4.49250570e-05 -7.08314662e-02
   3.56805759e-01]
 [-1.75182741e-06  4.14519128e-05  5.38896065e-06  3.56845782e-01
   7.08623620e-02]]
compute pdm =  5 1
dm=
[[ 8.34358183e-06 -8.98344407e-05 -6.82361294e-06  9.86456007e-07
   3.90384408e-06]
 [-8.82053882e-05 -1.47650657e-04 -3.83060794e-01  4.10808134e-06
   2.84241823e-05]
 [-1.78499056e-05 -8.66792997e-01  1.39421476e-04  5.51419143e-05
   2.02971927e-05]
 [ 3.62239928e-06 -8.52561967e-06  1.68437453e-05  6.78305091e-05
  -1.78098252e-02]
 [-1.15152387e-05  8.64613321e-05  7.74109342e-06  1.71932700e-02
  -6.79449092e-05]]
compute pdm =  5 2
dm=
[[-4.59453427e-02  5.69362427e-05  8.47492256e-06 -2.41809862e-06
   9.76536733e-06]
 [ 5.34718384e-05 -5.16179013e-01  1.14401063e-04  3.92547859e-05
   1.13561189e-05]
 [ 1.23854551e-05  1.73452403e-04  5.62124352e-01 -1.79241041e-05
  -3.76957591e-06]
 [-3.09242749e-05 -5.00071185e-05 -1.61332733e-05 -5.93380366e-05
   2.64540054e-04]
 [-1.52055983e-04 -2.33199458e-05 -3.04805043e-06  2.62048508e-04
   5.93416739e-05]]
compute pdm =  5 3
dm=
[[ 6.01773926e-06  2.41662049e-05  2.96211989e-05  8.35342315e-02
  -3.76421990e-02]
 [-2.71148739e-05 -1.76373391e-05 -1.76379263e-05 -3.00136273e-02
   4.20369361e-02]
 [ 6.37663962e-05 -5.36959433e-05 -4.61069824e-06 -2.15571843e-01
  -1.53753838e-01]
 [-7.33329973e-01  2.53796743e-01 -2.57557894e-01 -6.31543069e-05
  -4.42968669e-05]
 [ 3.30572037e-01 -3.55982418e-01 -1.83640226e-01  6.60977818e-05
   7.93846050e-05]]
compute pdm =  5 4
dm=
[[-8.01700394e-05 -4.11460826e-05  4.70711499e-06 -3.76613354e-02
  -8.35433848e-02]
 [ 2.66207846e-05 -7.98190895e-05 -7.58681213e-06 -4.20399503e-02
  -3.00244760e-02]
 [ 8.97169802e-05  1.56249379e-05  4.94525642e-05  1.53740933e-01
  -2.15568642e-01]
 [ 3.30582610e-01  3.55998139e-01  1.83621790e-01  3.18903686e-06
  -6.79003501e-06]
 [ 7.33329156e-01  2.53805897e-01 -2.57572002e-01 -6.79771731e-06
   1.07347528e-04]]
compute pdm =  5 5
dm=
[[ 7.24054947e-01  1.38959275e-05 -9.26045726e-06  3.94750298e-05
   6.74973990e-05]
 [ 1.38959275e-05  7.33039876e-01 -1.89455760e-05 -3.24849194e-05
  -1.22534689e-05]
 [-9.26045726e-06 -1.89455760e-05  2.74955971e-01  9.24125926e-06
  -2.52625234e-05]
 [ 3.94750298e-05 -3.24849194e-05  9.24125926e-06  1.31400638e-05
   1.45147646e-05]
 [ 6.74973990e-05 -1.22534689e-05 -2.52625234e-05  1.45147646e-05
  -1.31267614e-05]]
compute pdm =  6 0
dm=
[[-2.48744345e-07  1.01422185e-04  4.75325689e-05  4.48912666e-05
  -2.40664910e-05]
 [ 1.87968800e-04 -8.17772265e-05 -1.84560015e-01 -4.56464715e-06
   3.58782271e-05]
 [ 1.82058023e-04 -5.85825658e-01  8.35398977e-05  6.53311918e-06
   1.89236388e-05]
 [-1.72982963e-05 -1.03057699e-05  4.81100217e-05 -2.03076754e-04
   3.31719272e-01]
 [ 5.41261371e-06  6.29444255e-05  9.48285783e-06 -3.32618048e-01
   2.01562827e-04]]
compute pdm =  6 1
dm=
[[ 7.03485802e-07  1.20834751e-01 -1.24364847e-05  2.46108245e-05
   3.32495135e-05]
 [ 2.13056342e-01 -9.80680478e-07  1.57267127e-04  2.67632108e-06
  -1.62410570e-05]
 [-2.98390464e-05  5.03971675e-04 -1.52426793e-05 -5.04144453e-05
  -1.30935270e-05]
 [ 2.69009671e-05  5.91389680e-06 -3.35470009e-05  8.90212224e-02
  -4.48718641e-01]
 [ 3.00484655e-05 -1.24532215e-05 -1.70269040e-05 -4.48130670e-01
  -8.90057025e-02]]
compute pdm =  6 2
dm=
[[-5.45692230e-06 -1.27420305e-05 -6.69907965e-02 -4.78392174e-05
   9.99757469e-05]
 [-3.57397853e-05 -8.77852784e-06 -1.41626522e-04  3.24002701e-05
  -7.16294142e-06]
 [-2.63589767e-01 -4.20010652e-04  9.84334478e-06  1.28237215e-07
  -6.53432034e-05]
 [-3.23947439e-05  1.00149756e-04  1.03587774e-05  3.94800330e-01
   7.86196562e-02]
 [ 7.22082659e-05 -2.03681380e-05 -4.52149163e-05  7.81444929e-02
  -3.94795937e-01]]
compute pdm =  6 3
dm=
[[ 3.31815638e-05  2.56113241e-05 -2.27035759e-05 -3.10572177e-01
  -2.21464547e-01]
 [ 6.46560434e-06 -2.81067536e-05 -1.31407834e-05 -3.06119817e-02
  -6.78781597e-02]
 [-1.38826039e-05 -5.88871891e-05  1.17957801e-05 -1.05701498e-01
   4.76530380e-02]
 [-6.67414079e-02 -1.77774524e-01 -2.98256357e-02  1.07100677e-05
   8.17708883e-06]
 [-4.75802700e-02 -3.94380911e-01  1.34892477e-02  1.10180107e-06
  -2.75806580e-05]]
compute pdm =  6 4
dm=
[[ 1.80027635e-05  9.09637163e-06 -5.38864991e-05  2.21473064e-01
  -3.10574763e-01]
 [ 5.28992481e-06 -2.00566474e-05  1.13249313e-05 -6.78792058e-02
   3.06132194e-02]
 [-7.35355041e-05  5.21833813e-05  1.31565510e-05  4.76685068e-02
   1.05718739e-01]
 [ 4.75876109e-02 -3.94374934e-01  1.35069744e-02  1.26852603e-04
  -1.03410380e-05]
 [-6.67185539e-02  1.77790343e-01  2.98331436e-02  3.49312134e-05
  -1.37955270e-04]]
compute pdm =  6 5
dm=
[[ 1.40093064e-05  9.84332680e-06  1.36540732e-01  5.06524111e-05
  -7.11906956e-05]
 [ 1.10088574e-05  1.69563806e-05  1.08336462e-05 -3.36904692e-05
   7.06335008e-06]
 [ 1.72073221e-01 -1.23085867e-05 -6.45441646e-06 -7.13113220e-07
   7.86591209e-05]
 [ 3.40148052e-05 -3.57441476e-05 -2.80243504e-07 -5.60682066e-01
  -1.11281359e-01]
 [-5.86659873e-05  9.50724250e-06  6.80682180e-05 -1.11280939e-01
   5.60657555e-01]]
compute pdm =  6 6
dm=
[[ 1.46076962e-02 -2.89097600e-06  9.92541593e-06 -3.16663652e-05
  -6.53929884e-05]
 [-2.89097600e-06 -4.45724907e-01  8.77999018e-05  6.82177179e-05
   2.89170333e-05]
 [ 9.92541593e-06  8.77999018e-05  3.80268351e-01 -2.52119793e-06
   5.31342436e-05]
 [-3.16663652e-05  6.82177179e-05 -2.52119793e-06  8.91434627e-01
  -1.01510809e-05]
 [-6.53929884e-05  2.89170333e-05  5.31342436e-05 -1.01510809e-05
   8.91465040e-01]]
compute pdm =  7 0
dm=
[[ 2.71688569e-05 -1.10247804e-05 -5.54687838e-06 -5.69965790e-02
  -7.20906682e-02]
 [ 3.80777140e-06 -1.80789543e-05 -9.83840213e-06 -8.88530840e-02
  -1.04271547e-01]
 [-2.18163045e-05 -1.28802166e-05  4.08664413e-05 -2.62580258e-01
   2.22560765e-01]
 [-1.04438498e-01  3.88017661e-03  1.07044015e-01 -1.20393064e-07
  -2.01888501e-05]
 [-1.32035753e-01  4.52562673e-03 -9.08299249e-02  1.20157709e-05
  -4.98359509e-05]]
compute pdm =  7 1
dm=
[[ 1.79052101e-05  1.11607753e-05 -1.19439919e-05  2.12619853e-01
  -1.80157864e-01]
 [ 7.29789481e-06 -1.84110583e-06  2.32222985e-05 -2.63938389e-01
   2.09933997e-01]
 [-2.75790743e-05 -1.70698028e-05 -6.70089847e-06 -4.70338514e-02
  -5.97382937e-02]
 [ 3.47751802e-01  1.58006910e-02 -3.70459205e-02  2.13116488e-05
   1.07929042e-05]
 [-2.94645632e-01 -1.25513591e-02 -4.63584111e-02  9.40650229e-06
  -3.06748546e-05]]
compute pdm =  7 2
dm=
[[-9.09350429e-05  2.70307322e-05  3.68857486e-05  1.70436243e-01
   2.01013585e-01]
 [ 2.65027414e-05  2.10053691e-05 -2.21211716e-05 -5.45247677e-03
  -6.94902558e-03]
 [ 3.06587323e-05 -1.88908185e-05 -8.29908463e-05  3.46702873e-01
  -2.75553415e-01]
 [ 2.89780161e-01  6.42851157e-02 -5.14018252e-02  5.99218417e-05
  -4.23550947e-06]
 [ 3.41783214e-01  8.08956815e-02  4.08261277e-02 -4.01359988e-05
   9.29986784e-05]]
compute pdm =  7 3
dm=
[[-3.13377517e-02  4.15127476e-02 -1.92983308e-01  9.48808517e-06
   1.08466231e-05]
 [ 1.29852999e-02  4.47029470e-02  2.78408461e-01 -7.42018781e-06
  -2.37032051e-05]
 [ 1.20799965e-01  3.55322970e-01 -8.96417997e-02 -8.29156465e-06
   2.48629870e-05]
 [ 8.73016426e-06  6.51694881e-06 -1.79481562e-05  3.38261577e-02
   2.03454101e-02]
 [-5.36086113e-06 -3.26456400e-05  1.53119031e-05 -1.11004642e-01
   4.24504467e-02]]
compute pdm =  7 4
dm=
[[ 1.09073940e-01 -1.63966034e-01 -4.88560911e-02  4.78887155e-05
   6.04421430e-05]
 [-5.12021550e-02 -1.55345746e-01  8.00438546e-02  6.28191815e-08
   8.84311822e-06]
 [ 3.06029858e-02  1.02143513e-01  3.11751148e-01  7.78040674e-05
  -1.01101620e-04]
 [ 6.40080347e-05  3.32841101e-06  1.75206071e-06 -1.69517619e-01
   1.87146172e-01]
 [ 7.39622516e-05 -1.11032760e-06 -3.76972147e-05  1.49407238e-01
  -9.59617242e-02]]
compute pdm =  7 5
dm=
[[ 9.54905687e-06 -5.31081714e-05 -7.33875514e-06  2.80877887e-02
   3.31456907e-02]
 [-2.86651889e-05  3.86779502e-05 -9.02960624e-06  1.58011812e-01
   1.98825816e-01]
 [-1.27181484e-05  3.68422400e-05  5.74564480e-05 -1.86002723e-01
   1.47802813e-01]
 [-6.63315166e-02  3.52107829e-01 -5.48259283e-01 -3.05733816e-05
   3.37702536e-05]
 [-7.81959342e-02  4.43123012e-01  4.35679412e-01 -9.50774260e-06
  -7.51100734e-05]]
compute pdm =  7 6
dm=
[[ 1.29343170e-08 -7.26501080e-06 -1.74817703e-05 -1.37505512e-01
   1.09287998e-01]
 [ 4.79118585e-06 -8.28609706e-06  2.33043972e-05 -2.92263203e-02
   2.47710630e-02]
 [-2.37163362e-06  7.64631284e-06  2.42668814e-05 -6.30409404e-02
  -7.43505962e-02]
 [ 1.13245533e-01 -1.87085039e-01  2.68061649e-01  3.40069386e-06
  -1.00399760e-05]
 [-9.00032179e-02  1.58698419e-01  3.16118242e-01 -2.42611375e-05
  -1.93944126e-05]]
compute pdm =  7 7
dm=
[[-1.84625138e-01 -1.67134131e-01  4.95015760e-03 -3.03375946e-05
  -8.43780254e-05]
 [-1.67134131e-01 -1.33137815e-01  7.25267178e-05  3.02861263e-05
  -1.27959755e-07]
 [ 4.95015760e-03  7.25267178e-05  5.43749185e-01 -7.03930461e-06
   2.83622204e-05]
 [-3.03375946e-05  3.02861263e-05 -7.03930461e-06  7.62836884e-01
  -3.64341461e-02]
 [-8.43780254e-05 -1.27959755e-07  2.83622204e-05 -3.64341461e-02
   7.43227690e-01]]
compute pdm =  8 0
dm=
[[-4.70098697e-06 -3.45917931e-06 -1.12334894e-05 -7.14923036e-02
   5.71240189e-02]
 [-2.10811002e-06  6.20697595e-06 -1.66040002e-05  1.04655361e-01
  -8.83947759e-02]
 [ 5.24393464e-05 -3.44153691e-05 -2.23707727e-05 -2.22276975e-01
  -2.62008601e-01]
 [-1.31034381e-01 -4.66178605e-03  9.06828091e-02 -2.78622617e-05
  -2.17679563e-05]
 [ 1.04650356e-01  3.94529874e-03  1.07024319e-01  7.38602611e-06
   4.87270455e-05]]
compute pdm =  8 1
dm=
[[-7.95125508e-05  1.36673794e-05  2.46446125e-05  1.80280772e-01
   2.12513320e-01]
 [-1.12609261e-05  2.91060083e-06  3.54911373e-05  2.09749390e-01
   2.64095605e-01]
 [ 3.34168227e-05  1.93624434e-06 -9.16195700e-06 -5.93453187e-02
   4.74890616e-02]
 [ 2.94871008e-01 -1.25264551e-02 -4.65116800e-02  3.41333905e-05
   3.11629066e-05]
 [ 3.47560759e-01 -1.57926039e-02  3.68302660e-02  3.54263328e-05
   5.16305165e-05]]
compute pdm =  8 2
dm=
[[-2.86437492e-05 -1.93698643e-05  4.20151275e-05 -2.01134033e-01
   1.70516885e-01]
 [-1.50949707e-05  1.64458417e-05  3.50554610e-05 -6.80004108e-03
   5.32550008e-03]
 [ 5.16999002e-05  4.59329981e-05 -6.86155375e-05 -2.75864443e-01
  -3.47080484e-01]
 [-3.41967964e-01  8.08728316e-02  4.09811547e-02 -9.32437341e-06
   2.71641499e-06]
 [ 2.89927775e-01 -6.42635985e-02  5.15648906e-02  3.56291672e-05
   9.01378184e-05]]
compute pdm =  8 3
dm=
[[ 1.09079356e-01  1.63961974e-01  4.88635391e-02  6.13275603e-06
   4.30274992e-05]
 [ 5.12000727e-02 -1.55339416e-01  8.00423559e-02  5.49789380e-06
  -1.43870231e-05]
 [-3.05950073e-02  1.02141534e-01  3.11743033e-01 -2.65178991e-05
  -8.37725098e-05]
 [ 4.94317417e-06  4.99620763e-06 -1.37006943e-05 -9.59670257e-02
  -1.49392460e-01]
 [ 5.15857477e-05 -2.02164693e-05 -3.88413760e-05 -1.87135269e-01
  -1.69515946e-01]]
compute pdm =  8 4
dm=
[[ 3.13381912e-02  4.15013850e-02 -1.92988674e-01 -2.31361127e-05
   5.59717068e-05]
 [ 1.29773691e-02 -4.47021034e-02 -2.78412904e-01  1.96371824e-06
   2.93405602e-05]
 [ 1.20792363e-01 -3.55337225e-01  8.96418776e-02 -1.30842056e-05
  -3.75507328e-05]
 [-3.83502324e-05  1.17739616e-05 -1.50370354e-06 -4.24524668e-02
  -1.11007978e-01]
 [ 3.90801960e-05  2.66776533e-05 -5.84734028e-06  2.03583364e-02
  -3.38254986e-02]]
compute pdm =  8 5
dm=
[[-3.17346964e-06  9.43927461e-06 -5.94716126e-05 -3.31362463e-02
   2.80836956e-02]
 [ 7.94525762e-06  2.05258271e-05  2.60224040e-05  1.98832151e-01
  -1.58015170e-01]
 [-2.63066353e-05 -2.36105460e-05  7.31208731e-05  1.47790104e-01
   1.85989466e-01]
 [ 7.82169449e-02  4.43133660e-01  4.35680251e-01 -2.86427281e-05
  -3.42990330e-05]
 [-6.63214513e-02 -3.52108832e-01  5.48247480e-01 -5.79869179e-06
  -6.18305025e-05]]
compute pdm =  8 6
dm=
[[-4.36275599e-06  2.05096709e-05  7.39102487e-06  1.09286432e-01
   1.37498531e-01]
 [-4.35915982e-06 -1.11499208e-05 -1.59955008e-05 -2.47704502e-02
  -2.92374508e-02]
 [-9.40435143e-06 -1.78956494e-05  1.40842546e-05  7.43577821e-02
  -6.30388306e-02]
 [-9.00150443e-02 -1.58682062e-01 -3.16114107e-01  1.01434771e-05
   4.60177322e-05]
 [-1.13252109e-01 -1.87088304e-01  2.68086088e-01  2.11786294e-05
  -8.71505488e-06]]
compute pdm =  8 7
dm=
[[-3.69761206e-06 -5.32104934e-03 -1.55130690e-01 -1.14086315e-05
   1.81101321e-05]
 [-5.31759744e-03 -4.15003992e-07  1.26056098e-01 -9.43179313e-06
  -1.49309785e-05]
 [-1.55127162e-01 -1.26053205e-01  4.05108351e-06  2.38822277e-05
   7.61621659e-06]
 [ 2.14887380e-05 -5.74628539e-06 -3.23747196e-05 -7.77072411e-02
  -1.43882922e-01]
 [ 2.55451839e-06  1.11743595e-05 -3.67391348e-06  1.10597539e-01
   7.77073026e-02]]
compute pdm =  8 8
dm=
[[-1.84617623e-01  1.67132243e-01 -4.93139234e-03 -5.92712579e-05
  -9.81668875e-05]
 [ 1.67132243e-01 -1.33140488e-01  6.74961533e-05  3.71770826e-05
   2.45433531e-05]
 [-4.93139234e-03  6.74961533e-05  5.43752453e-01 -4.94815569e-06
   2.72356546e-05]
 [-5.92712579e-05  3.71770826e-05 -4.94815569e-06  7.43235816e-01
   3.63959756e-02]
 [-9.81668875e-05  2.45433531e-05  2.72356546e-05  3.63959756e-02
   7.62820650e-01]]
compute pdm =  9 0
dm=
[[-2.63352841e-05 -6.36648726e-05 -2.15557176e-05 -2.34173092e-03
  -6.72814439e-03]
 [-1.86170650e-05  3.02439003e-05  1.48670490e-05  2.70068009e-01
   1.81922166e-01]
 [ 2.56881494e-05  3.16704307e-05  3.44895535e-05 -4.81025203e-02
   7.16066402e-02]
 [ 8.79011253e-02  5.20991788e-01 -1.65069351e-01  6.53878567e-07
   1.25856443e-05]
 [ 2.09482093e-01  3.50221636e-01  2.43233976e-01  7.90107209e-06
  -3.90520483e-05]]
compute pdm =  9 1
dm=
[[ 1.63015013e-05  3.98230268e-06  4.35589059e-05  2.27661377e-01
  -3.37724059e-01]
 [ 2.10776326e-06  1.43529053e-06 -2.62059874e-05  9.45614564e-02
  -3.99111723e-02]
 [-1.71677080e-05 -8.90172013e-06 -1.21707118e-05  6.28906715e-02
   1.49825188e-01]
 [ 3.98441269e-02  6.81151984e-01 -2.88477659e-01 -1.41941030e-05
   1.19142108e-05]
 [-5.94100993e-02 -2.86289144e-01 -6.88144683e-01  2.06328775e-05
   8.62802292e-06]]
compute pdm =  9 2
dm=
[[ 3.54122166e-05 -5.54381898e-05 -3.13458637e-05 -3.07050209e-01
  -2.06968277e-01]
 [ 6.55533545e-06  7.35013274e-05  8.69020430e-05  4.28591347e-02
   1.01899141e-01]
 [ 8.07299376e-06  1.56891309e-04 -3.63106689e-05 -1.33598551e-01
   5.60634573e-02]
 [ 7.54249388e-02  2.95846311e-01  6.97735653e-01 -2.83254323e-05
  -8.92212140e-05]
 [ 5.09456701e-02  7.04505646e-01 -2.92621697e-01 -1.29315293e-04
  -4.42774429e-05]]
compute pdm =  9 3
dm=
[[ 6.31370846e-02 -5.63701828e-03  7.98346206e-02 -1.67939923e-05
  -2.19146708e-05]
 [-1.75061503e-03  1.73730286e-01 -1.52388368e-01 -1.20659940e-05
   2.17766120e-06]
 [-7.97853151e-02 -2.66042284e-01 -4.87788449e-02  8.88589079e-06
   3.67069210e-05]
 [ 3.77736845e-05 -1.46885032e-05 -4.05064447e-06 -2.90386360e-01
  -2.78634565e-01]
 [ 1.09519550e-05  6.86573484e-05  1.93644605e-05  2.11671261e-01
   1.02297835e-01]]
compute pdm =  9 4
dm=
[[-1.02035837e-01 -2.14324617e-01 -2.07919579e-03 -9.21522610e-05
  -6.06726413e-05]
 [-6.62043818e-02 -2.80834262e-01 -9.42425286e-02  2.01733798e-05
   1.82596824e-05]
 [ 2.10041256e-03 -1.64576824e-01  7.89219467e-02  9.74435179e-06
   1.10411783e-05]
 [ 4.99815708e-06  5.79729609e-05  1.22287496e-04  1.17295960e-01
   4.99027479e-02]
 [-3.37894172e-05  1.15847244e-04 -7.58963793e-05  3.53319413e-01
   1.86652192e-01]]
compute pdm =  9 5
dm=
[[-2.79556775e-05  5.23174908e-06  1.44738122e-05  2.26028842e-01
   1.52382663e-01]
 [ 1.32378538e-05 -1.26510628e-05 -3.79149523e-05 -3.33621248e-02
  -7.95139146e-02]
 [ 7.78747841e-06  2.24398526e-05  4.54393677e-06 -3.56207123e-02
   1.49376387e-02]
 [ 9.96197729e-02  4.17023420e-02  1.01975691e-02  1.91340188e-05
   2.35304650e-05]
 [ 6.71564819e-02  9.94603571e-02 -4.26837065e-03  1.93311484e-05
   1.69287848e-05]]
compute pdm =  9 6
dm=
[[ 1.24527734e-06 -1.03791243e-05  2.03070053e-05 -3.67199251e-02
   1.54092952e-02]
 [ 8.74805784e-06  2.38772619e-06 -3.88061236e-05  1.90172921e-01
  -2.82104091e-01]
 [ 5.29971681e-06  6.43116378e-06 -9.77033605e-06  3.69435314e-02
   2.49511943e-02]
 [-1.69640783e-01  1.38016514e-02 -1.91477182e-01 -1.55470115e-05
   5.84373286e-05]
 [ 7.11583237e-02 -2.05208617e-02 -1.29064843e-01  1.32737899e-05
   2.16843440e-05]]
compute pdm =  9 7
dm=
[[-3.98901619e-02 -9.31582383e-02 -9.76548186e-02  5.01557943e-05
   2.42627839e-05]
 [ 9.74848463e-02  2.81284676e-02  2.13515621e-02  8.02613629e-06
  -3.49127450e-05]
 [-5.10261310e-02  4.30339134e-02 -1.96272158e-01 -4.57926465e-05
   4.22499317e-05]
 [ 2.56567662e-05  3.81950442e-06 -8.20431164e-05  5.78963482e-02
  -5.23068972e-01]
 [ 9.93581468e-06 -6.54277947e-05  1.85275020e-05 -4.88468453e-01
   1.50137504e-01]]
compute pdm =  9 8
dm=
[[ 1.12396617e-02 -2.94019753e-02  3.09038572e-01 -2.54967309e-05
   2.42235611e-05]
 [ 3.08234042e-02 -7.89079443e-03  7.59530442e-02  1.08330834e-05
  -3.09574993e-05]
